"model_id","mae","rmse","mse","rmsle","mean_residual_deviance"
"DeepLearning_grid_1_AutoML_1_20230311_182403_model_5",0.005011364007261421,0.03811619360316531,0.00145284421479398,0.028790851407276247,0.00145284421479398
"DeepLearning_grid_1_AutoML_1_20230311_182403_model_14",0.006106430607681755,0.03848888478772373,0.0014813942522026709,0.029231642842366932,0.0014813942522026709
"DeepLearning_grid_1_AutoML_1_20230311_182403_model_13",0.006314618196853199,0.038144446839734766,0.0014549988247093517,0.02880162047512197,0.0014549988247093517
"DeepLearning_grid_1_AutoML_1_20230311_182403_model_6",0.006337446375150001,0.0380992878838607,0.0014515557372572951,0.02877786908851879,0.0014515557372572951
"DeepLearning_grid_1_AutoML_1_20230311_182403_model_15",0.006376426206314803,0.03825469330862936,0.0014634215601372917,0.02895137344379383,0.0014634215601372917
"DeepLearning_grid_1_AutoML_1_20230311_182403_model_2",0.006414610174360078,0.038228612624809595,0.0014614268232177516,0.028942005945401483,0.0014614268232177516
"DeepLearning_grid_1_AutoML_1_20230311_182403_model_9",0.006611908993187879,0.03832920773126303,0.0014691281653063137,0.029008268028217536,0.0014691281653063137
"DeepLearning_grid_2_AutoML_1_20230311_182403_model_1",0.006893279669501835,0.03811731363631461,0.001452929598849176,0.028810518061505953,0.001452929598849176
"DeepLearning_grid_3_AutoML_1_20230311_182403_model_1",0.006954663517322177,0.038177768757892104,0.0014575420273310823,0.028868997361356723,0.0014575420273310823
"DeepLearning_grid_1_AutoML_1_20230311_182403_model_12",0.006976990115285056,0.03894795590205826,0.0015169432689486747,0.029860176556348397,0.0015169432689486747
"DeepLearning_grid_1_AutoML_1_20230311_182403_model_1",0.007145933528203163,0.03813130340200464,0.001453996299135731,0.0288232269357513,0.001453996299135731
"DeepLearning_grid_1_AutoML_1_20230311_182403_model_7",0.007279543161749098,0.03817260860909696,0.0014571480480233031,0.02887125583874883,0.0014571480480233031
"DeepLearning_grid_1_AutoML_1_20230311_182403_model_4",0.007495673348629556,0.038115653178972725,0.0014528030172597337,0.028841209846824905,0.0014528030172597337
"DeepLearning_grid_1_AutoML_1_20230311_182403_model_8",0.007713932226472854,0.038237084147565825,0.00146207460410803,0.028953926191323743,0.00146207460410803
"DeepLearning_grid_3_AutoML_1_20230311_182403_model_2",0.007929580307906057,0.04597633335591102,0.002113823228853856,0.03522506673814508,0.002113823228853856
"DeepLearning_grid_2_AutoML_1_20230311_182403_model_2",0.008675623310587681,0.038504582124323554,0.0014826028445687769,0.029352229937079657,0.0014826028445687769
"DeepLearning_grid_1_AutoML_1_20230311_182403_model_10",0.010316675065935192,0.03875441462271041,0.001501904652748951,0.029677410513167895,0.001501904652748951
"DeepLearning_1_AutoML_1_20230311_182403",0.012198798153069304,0.03939810214167049,0.0015522104523655008,0.030482784351900043,0.0015522104523655008
"DeepLearning_grid_3_AutoML_1_20230311_182403_model_3",0.012950980778978728,0.042883897785081976,0.001839028689241359,0.03458082899827017,0.001839028689241359
"DeepLearning_grid_2_AutoML_1_20230311_182403_model_4",0.013805575540446724,0.0397520862429779,0.0015802283606691529,0.03086545820474224,0.0015802283606691529
"DeepLearning_grid_2_AutoML_1_20230311_182403_model_3",0.03981788558257119,0.09995475527445842,0.009990953101976872,0.08607685898834168,0.009990953101976872
