"model_id","mae","rmse","mse","rmsle","mean_residual_deviance"
"DeepLearning_grid_1_AutoML_1_20230317_112124_model_2",0.0039054476531029873,0.04142864971572677,0.0017163330172683877,0.030273787179576957,0.0017163330172683877
"DeepLearning_grid_1_AutoML_1_20230317_112124_model_12",0.004207473777413002,0.0414324692725223,0.001716649510018505,0.03030138773690008,0.001716649510018505
"DeepLearning_grid_1_AutoML_1_20230317_112124_model_13",0.004277405678276365,0.04135067506396874,0.0017098783282459265,0.030202892367692823,0.0017098783282459265
"DeepLearning_grid_1_AutoML_1_20230317_112124_model_5",0.004330707527724739,0.04136831923403974,0.0017113378362494224,0.030218276587099684,0.0017113378362494224
"DeepLearning_grid_1_AutoML_1_20230317_112124_model_11",0.004447811110010496,0.04132844717043381,0.0017080405455193383,0.03019118391830364,0.0017080405455193383
"DeepLearning_grid_1_AutoML_1_20230317_112124_model_6",0.00491884465624457,0.041387129672092675,0.0017128945024946138,0.030247498988848695,0.0017128945024946138
"DeepLearning_grid_1_AutoML_1_20230317_112124_model_1",0.00502745255211709,0.041332614172738334,0.0017083849943524496,0.030201041435670695,0.0017083849943524496
"DeepLearning_grid_1_AutoML_1_20230317_112124_model_14",0.005321792225158665,0.04134810154831162,0.0017096655016494895,0.030279630877849413,0.0017096655016494895
"DeepLearning_grid_1_AutoML_1_20230317_112124_model_9",0.0053966881937943766,0.041476851402049944,0.0017203292022277322,0.03035798971405118,0.0017203292022277322
"DeepLearning_grid_1_AutoML_1_20230317_112124_model_8",0.005753798969313848,0.04134698784595203,0.0017095734039333052,0.030252145616268863,0.0017095734039333052
"DeepLearning_grid_1_AutoML_1_20230317_112124_model_4",0.006001253788218702,0.04121893460703879,0.0016990005701393402,0.030116524231435793,0.0016990005701393402
"DeepLearning_grid_1_AutoML_1_20230317_112124_model_7",0.0060385033496090585,0.04132622706787496,0.001707857043665561,0.03021936383722603,0.001707857043665561
"DeepLearning_grid_2_AutoML_1_20230317_112124_model_1",0.006471510683309169,0.041559981597232974,0.0017272320703623438,0.03046656306087658,0.0017272320703623438
"DeepLearning_grid_1_AutoML_1_20230317_112124_model_10",0.009897781543888106,0.041677252472693015,0.001736993373672596,0.030822388847184384,0.001736993373672596
"DeepLearning_1_AutoML_1_20230317_112124",0.011277093009297069,0.04238892128216442,0.0017968206474655317,0.031658523543349124,0.0017968206474655317
