"model_id","mae","rmse","mse","rmsle","mean_residual_deviance"
"DeepLearning_grid_1_AutoML_1_20230317_152246_model_14",3526040.0492249755,3.830418741886325E7,1.467210773819402E15,,1.467210773819402E15
"DeepLearning_grid_1_AutoML_1_20230317_152246_model_16",3858915.8353462927,3.840181846708105E7,1.4746996615786472E15,,1.4746996615786472E15
"DeepLearning_grid_1_AutoML_1_20230317_152246_model_5",3873658.4856738034,3.834972135311929E7,1.470701127861894E15,,1.470701127861894E15
"DeepLearning_grid_1_AutoML_1_20230317_152246_model_12",4085686.9027065905,3.812368287202273E7,1.4534151957265598E15,,1.4534151957265598E15
"DeepLearning_grid_1_AutoML_1_20230317_152246_model_13",4550793.13551595,3.832647372708234E7,1.4689185883527328E15,,1.4689185883527328E15
"DeepLearning_grid_1_AutoML_1_20230317_152246_model_6",4618580.598211807,3.829042488901436E7,1.4661566381812505E15,,1.4661566381812505E15
"DeepLearning_grid_1_AutoML_1_20230317_152246_model_9",5057161.7400264,3.84154808071095E7,1.4757491656413982E15,,1.4757491656413982E15
"DeepLearning_grid_1_AutoML_1_20230317_152246_model_7",5182286.48410519,3.8232173971397765E7,1.461699126579225E15,,1.461699126579225E15
"DeepLearning_grid_1_AutoML_1_20230317_152246_model_8",5243584.770615164,3.834345106529666E7,1.4702202395967995E15,,1.4702202395967995E15
"DeepLearning_grid_2_AutoML_1_20230317_152246_model_1",5322170.723296314,3.838938146302668E7,1.4737446091137765E15,13.228333919261686,1.4737446091137765E15
"DeepLearning_grid_1_AutoML_1_20230317_152246_model_1",5404974.886390292,3.834300342959821E7,1.47018591200218E15,,1.47018591200218E15
"DeepLearning_grid_1_AutoML_1_20230317_152246_model_4",5491344.569522385,3.83932158369308E7,1.474039022301154E15,,1.474039022301154E15
"DeepLearning_grid_1_AutoML_1_20230317_152246_model_15",5519818.690882953,3.845501665449739E7,1.4787883058976718E15,,1.4787883058976718E15
"DeepLearning_grid_3_AutoML_1_20230317_152246_model_1",7901199.2043500785,3.850828634691319E7,1.4828881173758608E15,13.855466393848964,1.4828881173758608E15
"DeepLearning_grid_1_AutoML_1_20230317_152246_model_10",9021449.129950851,3.8667350674503095E7,1.4951640081849948E15,,1.4951640081849948E15
"DeepLearning_1_AutoML_1_20230317_152246",9343576.704416811,3.9084003598864354E7,1.5275593373160418E15,,1.5275593373160418E15
"DeepLearning_grid_3_AutoML_1_20230317_152246_model_2",4.78405408154972E7,1.0269591060166097E8,1.054645005430434E16,,1.054645005430434E16
"DeepLearning_grid_2_AutoML_1_20230317_152246_model_2",7.703814086231259E7,1.5708077574263132E8,2.467437010790683E16,,2.467437010790683E16
