"model_id","mae","rmse","mse","rmsle","mean_residual_deviance"
"DeepLearning_grid_1_AutoML_1_20230311_171500_model_2",0.005074272467354789,0.03814937786113383,0.0014553750311915678,0.02881136044425695,0.0014553750311915678
"DeepLearning_grid_1_AutoML_1_20230311_171500_model_9",0.005544815267919053,0.03837085582839281,0.001472322577003306,0.029007566233258817,0.001472322577003306
"DeepLearning_grid_1_AutoML_1_20230311_171500_model_5",0.005604045573674572,0.03832282521573925,0.0014686389325161003,0.029032368808543953,0.0014686389325161003
"DRF_1_AutoML_1_20230311_171500",0.005684195095949833,0.04263919508607585,0.001818100957588435,0.03294450644160442,0.001818100957588435
"GBM_grid_1_AutoML_1_20230311_171500_model_17",0.005758932431119703,0.041735260580621936,0.0017418319757324151,0.03223428718792264,0.0017418319757324151
"DeepLearning_grid_3_AutoML_1_20230311_171500_model_1",0.005816692899710725,0.03825258862872571,0.0014632605367985152,0.028887284519338176,0.0014632605367985152
"GBM_grid_1_AutoML_1_20230311_171500_model_66",0.005946299432367242,0.03840930533961978,0.0014752747366721445,0.02903893414834115,0.0014752747366721445
"GBM_grid_1_AutoML_1_20230311_171500_model_8",0.005994733904593427,0.041066139555381194,0.001686427817982044,0.03180278399386393,0.001686427817982044
"GBM_grid_1_AutoML_1_20230311_171500_model_16",0.006040381125974321,0.03843951856447733,0.0014775965874687976,0.029091268958279844,0.0014775965874687976
"StackedEnsemble_BestOfFamily_1_AutoML_1_20230311_171500",0.00605006927463579,0.03838524746616723,0.0014734272230388973,0.02901005835968203,0.0014734272230388973
"GBM_grid_1_AutoML_1_20230311_171500_model_60",0.006055297899892222,0.04326835300319256,0.0018721503716088825,0.0334750161174338,0.0018721503716088825
"GBM_grid_1_AutoML_1_20230311_171500_model_2",0.0060595268596025575,0.0404540536594912,0.0016365304574849937,0.03121984976470446,0.0016365304574849937
"GBM_grid_1_AutoML_1_20230311_171500_model_19",0.006063511455250097,0.03838814419138605,0.0014736496144586466,0.029032804935746864,0.0014736496144586466
"StackedEnsemble_BestOfFamily_6_AutoML_1_20230311_171500",0.00606539833808738,0.038382890253428184,0.0014732462642067124,0.02900553452863834,0.0014732462642067124
"StackedEnsemble_AllModels_1_AutoML_1_20230311_171500",0.006071717078217166,0.03838631173301569,0.0014735089284642578,0.029015486564422516,0.0014735089284642578
"StackedEnsemble_AllModels_6_AutoML_1_20230311_171500",0.006072884868264931,0.038372951257315144,0.0014724833881962838,0.02899528493257802,0.0014724833881962838
"StackedEnsemble_BestOfFamily_2_AutoML_1_20230311_171500",0.006084882931903457,0.03839909437400228,0.0014744904487435336,0.029030884617250768,0.0014744904487435336
"GBM_grid_1_AutoML_1_20230311_171500_model_18",0.006096601521517249,0.0406306749051971,0.0016508517432518137,0.031425054610905015,0.0016508517432518137
"StackedEnsemble_AllModels_2_AutoML_1_20230311_171500",0.006102189520002705,0.0384364676356251,0.0014773620443044558,0.029072201600634225,0.0014773620443044558
"GBM_grid_1_AutoML_1_20230311_171500_model_52",0.0061233686151894295,0.03871406843552449,0.0014987790948304731,0.02945976937744123,0.0014987790948304731
"GBM_grid_1_AutoML_1_20230311_171500_model_12",0.006136506658436106,0.040530137376541285,0.001642692035761309,0.03124927805551717,0.001642692035761309
"DeepLearning_grid_1_AutoML_1_20230311_171500_model_1",0.006165132355181124,0.03815105378332817,0.0014555029047783987,0.028802290838763605,0.0014555029047783987
"GBM_grid_1_AutoML_1_20230311_171500_model_63",0.006182305501365523,0.03880973220842875,0.0015061953140899525,0.029559910606656067,0.0015061953140899525
"GBM_grid_1_AutoML_1_20230311_171500_model_47",0.006195458456156107,0.0384473020717529,0.0014781950365966147,0.02910888783164837,0.0014781950365966147
"GBM_grid_1_AutoML_1_20230311_171500_model_45",0.006198207136765336,0.03846843368750582,0.0014798203903700327,0.029174085288833584,0.0014798203903700327
"GBM_grid_1_AutoML_1_20230311_171500_model_50",0.0061993808865206165,0.03839764189572406,0.0014743789031522638,0.029063541942810658,0.0014743789031522638
"StackedEnsemble_BestOfFamily_4_AutoML_1_20230311_171500",0.006240659744731976,0.03863561559200378,0.0014927107921730855,0.029330867674911713,0.0014927107921730855
"GBM_grid_1_AutoML_1_20230311_171500_model_65",0.006267667836968947,0.04236119735140173,0.001794471041044405,0.032830039465290166,0.001794471041044405
"GBM_3_AutoML_1_20230311_171500",0.006277519678240122,0.038737459667767246,0.0015005907815118938,0.02950174846946979,0.0015005907815118938
"GBM_grid_1_AutoML_1_20230311_171500_model_5",0.006286165965286806,0.03870839035140871,0.001498339483597031,0.02947273322319115,0.001498339483597031
"GBM_grid_1_AutoML_1_20230311_171500_model_55",0.006313163770179249,0.03914630494493439,0.0015324331908417946,0.029951110861513152,0.0015324331908417946
"GBM_grid_1_AutoML_1_20230311_171500_model_46",0.006322613843042645,0.03891353851086208,0.001514263479436346,0.029686973235283784,0.001514263479436346
"GBM_grid_1_AutoML_1_20230311_171500_model_14",0.006328803806974913,0.03841830115628723,0.0014759658637351805,0.029077226502558475,0.0014759658637351805
"GBM_grid_1_AutoML_1_20230311_171500_model_59",0.006334686383070424,0.03856380042792001,0.0014871667034444432,0.029285722973225275,0.0014871667034444432
"StackedEnsemble_BestOfFamily_3_AutoML_1_20230311_171500",0.0063664028749742755,0.03902683979245503,0.0015230942241859515,0.02973409355190351,0.0015230942241859515
"GBM_1_AutoML_1_20230311_171500",0.006372429435665045,0.038442073443588465,0.0014777930106422497,0.029108469914315215,0.0014777930106422497
"GBM_grid_1_AutoML_1_20230311_171500_model_62",0.0063922841348570385,0.03940303775267572,0.0015525993841387885,0.03025108779376508,0.0015525993841387885
"GBM_grid_1_AutoML_1_20230311_171500_model_64",0.006392523349630426,0.038824904930868945,0.0015073732428910118,0.02960230524024123,0.0015073732428910118
"GBM_grid_1_AutoML_1_20230311_171500_model_57",0.0064047794895890214,0.03884388345488171,0.0015088472818564334,0.029628586910601596,0.0015088472818564334
"DeepLearning_grid_2_AutoML_1_20230311_171500_model_1",0.006407663520890943,0.03830004447348215,0.0014668934066707105,0.028948074663680757,0.0014668934066707105
"GBM_grid_1_AutoML_1_20230311_171500_model_4",0.006419903143533835,0.03854291581961906,0.0014855563598782408,0.029246072462069405,0.0014855563598782408
"GBM_grid_1_AutoML_1_20230311_171500_model_7",0.006428633994044958,0.040941247893473115,0.0016761857790748168,0.03168956558203043,0.0016761857790748168
"GBM_grid_1_AutoML_1_20230311_171500_model_56",0.006429620685739101,0.038547926789540096,0.0014859426597717432,0.02925967127702453,0.0014859426597717432
"GBM_grid_1_AutoML_1_20230311_171500_model_58",0.006443908344387964,0.03846423271888113,0.0014794971986522457,0.029190530204118357,0.0014794971986522457
"GBM_grid_1_AutoML_1_20230311_171500_model_41",0.006479849844373251,0.04227220047644357,0.001786938933120636,0.032804144737347635,0.001786938933120636
"GBM_grid_1_AutoML_1_20230311_171500_model_15",0.0065025787126343874,0.04041108625542082,0.001633055892343062,0.03116285636052195,0.001633055892343062
"GBM_grid_1_AutoML_1_20230311_171500_model_1",0.006526245183355255,0.03880532085219997,0.0015058529264421856,0.02955386207122138,0.0015058529264421856
"GBM_grid_1_AutoML_1_20230311_171500_model_49",0.006530340901429577,0.03849657271458187,0.0014819861107690897,0.0292091098936344,0.0014819861107690897
"GBM_5_AutoML_1_20230311_171500",0.006541309514125524,0.04499681683889069,0.0020247135256326767,0.03487582522899578,0.0020247135256326767
"GBM_grid_1_AutoML_1_20230311_171500_model_6",0.006547993805603485,0.03850511123219073,0.0014826435910033806,0.029163155069874228,0.0014826435910033806
"XGBoost_lr_search_selection_AutoML_1_20230311_171500_select_grid_model_4",0.006551775671301105,0.045524762166350166,0.0020725039703027473,0.03552149401976135,0.0020725039703027473
"GBM_grid_1_AutoML_1_20230311_171500_model_20",0.00655850977560033,0.03873924890109927,0.0015007294054213212,0.029467919753029224,0.0015007294054213212
"GBM_grid_1_AutoML_1_20230311_171500_model_13",0.006582420584874084,0.04350070035309554,0.0018923109312098069,0.033623057661089875,0.0018923109312098069
"GBM_grid_1_AutoML_1_20230311_171500_model_11",0.006585527649672329,0.03846968115293164,0.001479916368008224,0.02917449530911876,0.001479916368008224
"GBM_grid_1_AutoML_1_20230311_171500_model_51",0.006588581981018085,0.03851585042147331,0.0014834707336893057,0.029260950891475488,0.0014834707336893057
"GBM_grid_1_AutoML_1_20230311_171500_model_42",0.006628858540170666,0.038855896123611504,0.0015097806635688874,0.02962423493207455,0.0015097806635688874
"GBM_grid_1_AutoML_1_20230311_171500_model_9",0.0066474100316841105,0.03908945310828411,0.001527985344304742,0.02988233897115041,0.001527985344304742
"GBM_4_AutoML_1_20230311_171500",0.006652067618231958,0.03896803390635988,0.0015185076665272135,0.029770481607108264,0.0015185076665272135
"GBM_grid_1_AutoML_1_20230311_171500_model_53",0.006659411582565932,0.04080312949238837,0.0016648953763726132,0.031564803452097286,0.0016648953763726132
"GBM_grid_1_AutoML_1_20230311_171500_model_43",0.00669325880884624,0.03908165090246521,0.0015273754372621595,0.02987874643330935,0.0015273754372621595
"GBM_grid_1_AutoML_1_20230311_171500_model_48",0.006707058596436614,0.03889955506091552,0.001513175383937198,0.0296706257881641,0.001513175383937198
"GBM_grid_1_AutoML_1_20230311_171500_model_44",0.006727514724364308,0.03894924852116643,0.0015170439603635854,0.029749169640348565,0.0015170439603635854
"GBM_2_AutoML_1_20230311_171500",0.006740564267391747,0.03925264770895412,0.001540770352163261,0.03007701306429409,0.001540770352163261
"StackedEnsemble_BestOfFamily_5_AutoML_1_20230311_171500",0.006758930825576975,0.039472628800057835,0.0015580884243871552,0.03032940077071885,0.0015580884243871552
"StackedEnsemble_AllModels_4_AutoML_1_20230311_171500",0.006760776512219032,0.03853972797220502,0.0014853106321715622,0.02925238455999075,0.0014853106321715622
"GBM_grid_1_AutoML_1_20230311_171500_model_10",0.006780735158381127,0.03878031053693484,0.0015039124853410994,0.02957362756171916,0.0015039124853410994
"GBM_grid_1_AutoML_1_20230311_171500_model_3",0.006786834822924047,0.03905079218179143,0.0015249643700254625,0.029850809664611965,0.0015249643700254625
"StackedEnsemble_Best1000_1_AutoML_1_20230311_171500",0.006810340044363647,0.03844229178860495,0.0014778097979602435,0.029156453832082825,0.0014778097979602435
"DeepLearning_grid_1_AutoML_1_20230311_171500_model_6",0.006896577311226693,0.03817727198260684,0.0014575040960339372,0.02885649061365919,0.0014575040960339372
"XGBoost_grid_1_AutoML_1_20230311_171500_model_36",0.006913124210607323,0.04802691534585758,0.0023065845976381707,0.03798651663065125,0.0023065845976381707
"DeepLearning_grid_1_AutoML_1_20230311_171500_model_4",0.006933924142355315,0.0381163050133918,0.0014528527078739167,0.028794738457409152,0.0014528527078739167
"GBM_grid_1_AutoML_1_20230311_171500_model_54",0.006958610097108073,0.03892295308854805,0.0015149962771333115,0.029733430252192068,0.0015149962771333115
"GBM_grid_1_AutoML_1_20230311_171500_model_61",0.006979669716672387,0.040860215062785865,0.0016695571749771128,0.03163712083714631,0.0016695571749771128
"XGBoost_grid_1_AutoML_1_20230311_171500_model_30",0.006989573759489513,0.03878503225322575,0.0015042787268837617,0.02957551241899708,0.0015042787268837617
"StackedEnsemble_AllModels_3_AutoML_1_20230311_171500",0.0069999062664249856,0.038427565635163224,0.0014766778006447775,0.029151584263494228,0.0014766778006447775
"XGBoost_grid_1_AutoML_1_20230311_171500_model_9",0.007207471370445998,0.03891971622798907,0.0015147443112671958,0.02970909523299736,0.0015147443112671958
"StackedEnsemble_AllModels_5_AutoML_1_20230311_171500",0.007283400989551558,0.040323418181277514,0.001625978053822182,0.031228145335522192,0.001625978053822182
"XGBoost_grid_1_AutoML_1_20230311_171500_model_21",0.00729743241532952,0.03875471463708032,0.001501927906601528,0.02953799263966542,0.001501927906601528
"DeepLearning_grid_2_AutoML_1_20230311_171500_model_2",0.007311970790010503,0.0452843808238416,0.002050675146598713,0.03472101865673603,0.002050675146598713
"XGBoost_grid_1_AutoML_1_20230311_171500_model_16",0.0073929711986681955,0.042797523905466386,0.0018316280524389669,0.03329426324685743,0.0018316280524389669
"XGBoost_grid_1_AutoML_1_20230311_171500_model_15",0.007398893004451389,0.03900616187503439,0.0015214806642213862,0.029801464328489968,0.0015214806642213862
"XGBoost_grid_1_AutoML_1_20230311_171500_model_19",0.007476462535782799,0.03914224438405695,0.001532115295421238,0.029989226297864463,0.001532115295421238
"GLM_1_AutoML_1_20230311_171500",0.007602263375073514,0.03876426967451619,0.0015026686033986151,0.02952375507632773,0.0015026686033986151
"DeepLearning_grid_1_AutoML_1_20230311_171500_model_12",0.00762016398952409,0.03991479608392896,0.001593190946421631,0.030752324895321783,0.001593190946421631
"XGBoost_grid_1_AutoML_1_20230311_171500_model_47",0.007671411060313592,0.039675816289951184,0.0015741703982739557,0.030569662433707668,0.0015741703982739557
"XGBoost_grid_1_AutoML_1_20230311_171500_model_24",0.0078066004296738515,0.042704638866073466,0.001823686180681753,0.033361455313024584,0.001823686180681753
"XGBoost_grid_1_AutoML_1_20230311_171500_model_49",0.007821980045395836,0.03919774312166905,0.0015364630658323535,0.03005496081650914,0.0015364630658323535
"DeepLearning_grid_3_AutoML_1_20230311_171500_model_2",0.00791824371509287,0.03883553661857967,0.0015081989044530425,0.029576017396169454,0.0015081989044530425
"DeepLearning_grid_1_AutoML_1_20230311_171500_model_7",0.00794821597514164,0.0382191188755089,0.0014607010476202806,0.028949349226175595,0.0014607010476202806
"DeepLearning_grid_1_AutoML_1_20230311_171500_model_8",0.007975844356743693,0.03833873730020254,0.0014698587777739417,0.029070362135096214,0.0014698587777739417
"XGBoost_grid_1_AutoML_1_20230311_171500_model_28",0.008057625195682937,0.03956794997515403,0.001565622665236292,0.03049874933501648,0.001565622665236292
"XGBoost_grid_1_AutoML_1_20230311_171500_model_41",0.008261964856497809,0.03970254469874301,0.0015762920555556863,0.030635474416944808,0.0015762920555556863
"XRT_1_AutoML_1_20230311_171500",0.008300729144417719,0.041912674225442405,0.001756672260728064,0.03256912750234199,0.001756672260728064
"XGBoost_grid_1_AutoML_1_20230311_171500_model_43",0.008370192250979909,0.03937239319497085,0.0015501853458993863,0.03026455661433162,0.0015501853458993863
"XGBoost_grid_1_AutoML_1_20230311_171500_model_32",0.008381373131981465,0.0393709891557418,0.001550074787101539,0.030267822165066457,0.001550074787101539
"XGBoost_grid_1_AutoML_1_20230311_171500_model_44",0.008408717570778875,0.04088407460030137,0.0016715075559230075,0.03185204106372205,0.0016715075559230075
"XGBoost_grid_1_AutoML_1_20230311_171500_model_23",0.008511401403586446,0.04349558080408888,0.001891865549485025,0.03403589205137535,0.001891865549485025
"XGBoost_grid_1_AutoML_1_20230311_171500_model_11",0.008518068133700965,0.039862796584857606,0.0015890425515657353,0.030816252086448892,0.0015890425515657353
"XGBoost_grid_1_AutoML_1_20230311_171500_model_1",0.008724746663267082,0.04066446447217676,0.0016535986708089262,0.031700261587085034,0.0016535986708089262
"XGBoost_grid_1_AutoML_1_20230311_171500_model_42",0.008818410848832725,0.04052374384118029,0.001642173814905598,0.03160940928741902,0.001642173814905598
"XGBoost_grid_1_AutoML_1_20230311_171500_model_45",0.008834866570468659,0.04038874912449067,0.0016312510558410462,0.03143757105771701,0.0016312510558410462
"XGBoost_grid_1_AutoML_1_20230311_171500_model_48",0.008840209317227348,0.04034345276265174,0.0016275941808123126,0.03131327773960425,0.0016275941808123126
"XGBoost_grid_1_AutoML_1_20230311_171500_model_38",0.008934671086929212,0.04318418730015892,0.001864874032775207,0.03377336162963544,0.001864874032775207
"XGBoost_grid_1_AutoML_1_20230311_171500_model_20",0.008957867462699194,0.04056632823597619,0.0016456269865489591,0.031598910940899685,0.0016456269865489591
"XGBoost_grid_1_AutoML_1_20230311_171500_model_3",0.009064374376253348,0.044482316248837445,0.0019786764588615876,0.0347816991231244,0.0019786764588615876
"XGBoost_grid_1_AutoML_1_20230311_171500_model_13",0.009079626715959249,0.04062371246427558,0.0016502860143801394,0.03173281615593692,0.0016502860143801394
"XGBoost_grid_1_AutoML_1_20230311_171500_model_40",0.00911978643013635,0.04396250163752669,0.0019327015502295368,0.03443131681319615,0.0019327015502295368
"XGBoost_grid_1_AutoML_1_20230311_171500_model_29",0.009137016849516216,0.043425403999119074,0.0018857657124867063,0.034072723691117565,0.0018857657124867063
"XGBoost_grid_1_AutoML_1_20230311_171500_model_22",0.009141203622474371,0.040776022851994505,0.001662684039626378,0.03172777654961036,0.001662684039626378
"XGBoost_grid_1_AutoML_1_20230311_171500_model_39",0.009158985131474718,0.04437102898236805,0.001968788212954145,0.03470668578370538,0.001968788212954145
"XGBoost_3_AutoML_1_20230311_171500",0.009207664666380838,0.04571929107144797,0.002090253576075782,0.03579243184446569,0.002090253576075782
"XGBoost_grid_1_AutoML_1_20230311_171500_model_46",0.00924921891498197,0.04020208607281905,0.001616207724606351,0.031190511472739407,0.001616207724606351
"XGBoost_grid_1_AutoML_1_20230311_171500_model_7",0.009269632012605876,0.04086571179586738,0.0016700064005828945,0.0317759672549458,0.0016700064005828945
"DeepLearning_grid_1_AutoML_1_20230311_171500_model_20",0.0092697654219303,0.038681736881132515,0.0014962767681411676,0.029479577534047584,0.0014962767681411676
"XGBoost_grid_1_AutoML_1_20230311_171500_model_25",0.009312426255592535,0.04214672725817213,0.0017763466185747496,0.033324243696458096,0.0017763466185747496
"XGBoost_grid_1_AutoML_1_20230311_171500_model_34",0.009421515659375226,0.04420340790865131,0.0019539412707386167,0.03468538920201694,0.0019539412707386167
"XGBoost_grid_1_AutoML_1_20230311_171500_model_18",0.009446767487704273,0.040788902530438854,0.0016637345696376414,0.03170268994057759,0.0016637345696376414
"XGBoost_grid_1_AutoML_1_20230311_171500_model_35",0.009532326257488791,0.039687342461395374,0.0015750851516480764,0.030663614346981307,0.0015750851516480764
"DeepLearning_grid_2_AutoML_1_20230311_171500_model_4",0.009669545894534318,0.03902183869677921,0.0015227038952774553,0.029879479022725117,0.0015227038952774553
"XGBoost_grid_1_AutoML_1_20230311_171500_model_37",0.009701357560605814,0.04023328340206484,0.0016187170933108662,0.03120716102370664,0.0016187170933108662
"XGBoost_grid_1_AutoML_1_20230311_171500_model_2",0.009713505039423653,0.04311728750207627,0.0018591004815367025,0.03391269973148123,0.0018591004815367025
"XGBoost_grid_1_AutoML_1_20230311_171500_model_4",0.009781768536959315,0.04271390635093406,0.001824477795756365,0.033516415258758196,0.001824477795756365
"XGBoost_grid_1_AutoML_1_20230311_171500_model_33",0.009800914553749807,0.042594558034377776,0.001814296374143976,0.0334412390426873,0.001814296374143976
"XGBoost_2_AutoML_1_20230311_171500",0.010004696774795973,0.04226424854915027,0.001786266705424351,0.03318242626143175,0.001786266705424351
"XGBoost_1_AutoML_1_20230311_171500",0.010141059672726986,0.041093783822701783,0.0016886990688669468,0.032130619138571404,0.0016886990688669468
"XGBoost_grid_1_AutoML_1_20230311_171500_model_31",0.010372052834788271,0.04275667306598986,0.0018281330916719428,0.03363857261393678,0.0018281330916719428
"XGBoost_grid_1_AutoML_1_20230311_171500_model_27",0.010539782252033534,0.044591721806266846,0.0019884216536474944,0.035368341603399966,0.0019884216536474944
"XGBoost_grid_1_AutoML_1_20230311_171500_model_6",0.010581698975649437,0.041552939736484815,0.001726646800743939,0.0325735273681081,0.001726646800743939
"XGBoost_grid_1_AutoML_1_20230311_171500_model_17",0.010660330681575953,0.043573253109356336,0.0018986283865320313,0.034183470933682694,0.0018986283865320313
"DeepLearning_1_AutoML_1_20230311_171500",0.010738609355029962,0.039143495556084054,0.001532213244349172,0.03010918776997721,0.001532213244349172
"XGBoost_grid_1_AutoML_1_20230311_171500_model_26",0.010877104554610932,0.0406387453164122,0.0016515076208922146,0.031704197955862164,0.0016515076208922146
"XGBoost_grid_1_AutoML_1_20230311_171500_model_5",0.010986609919603029,0.04125649360755419,0.00170209826479016,0.03236273460417696,0.00170209826479016
"XGBoost_grid_1_AutoML_1_20230311_171500_model_12",0.011022881351846215,0.04326114439149684,0.001871526614061939,0.034303134600607285,0.001871526614061939
"DeepLearning_grid_3_AutoML_1_20230311_171500_model_3",0.011047506152878911,0.03899030393252502,0.0015202438007506755,0.02993278944525615,0.0015202438007506755
"XGBoost_grid_1_AutoML_1_20230311_171500_model_14",0.01119313827525834,0.04157396032499902,0.0017283941771045926,0.03264698921514764,0.0017283941771045926
"DeepLearning_grid_1_AutoML_1_20230311_171500_model_10",0.011670696194718756,0.03914838845525272,0.0015325963186433647,0.030128052530312567,0.0015325963186433647
"XGBoost_grid_1_AutoML_1_20230311_171500_model_10",0.01222173855859234,0.05064520199943187,0.0025649364855632583,0.04186720701626728,0.0025649364855632583
"DeepLearning_grid_2_AutoML_1_20230311_171500_model_3",0.015550529716275926,0.04058250677555266,0.0016469398561877776,0.03189203580658468,0.0016469398561877776
