"model_id","mae","rmse","mse","rmsle","mean_residual_deviance"
"DeepLearning_grid_1_AutoML_1_20230311_160424_model_13",0.004697346702616759,0.03715797431575679,0.0013807150552504414,0.028040738423891896,0.0013807150552504414
"DeepLearning_grid_1_AutoML_1_20230311_160424_model_2",0.005018199922384582,0.03718538173868891,0.0013827526150520188,0.028073735874468892,0.0013827526150520188
"DeepLearning_grid_1_AutoML_1_20230311_160424_model_5",0.0051751381934255465,0.037211621563454776,0.0013847047793817727,0.028129310886977964,0.0013847047793817727
"DeepLearning_grid_1_AutoML_1_20230311_160424_model_1",0.005327879633401678,0.037230211051403624,0.0013860886149320566,0.02812208787974636,0.0013860886149320566
"DeepLearning_grid_1_AutoML_1_20230311_160424_model_9",0.005666541484815911,0.03706133494014691,0.0013735425475457543,0.02797189345095256,0.0013735425475457543
"DeepLearning_grid_1_AutoML_1_20230311_160424_model_14",0.005832076120394833,0.03716945538840372,0.0013815684138705343,0.028126327826171173,0.0013815684138705343
"DeepLearning_grid_1_AutoML_1_20230311_160424_model_6",0.005895838341497283,0.037092959827420495,0.0013758876687586306,0.0280010148777844,0.0013758876687586306
"DeepLearning_grid_1_AutoML_1_20230311_160424_model_11",0.006059967462140865,0.03728960803861709,0.0013905148676736962,0.028278594161812286,0.0013905148676736962
"DeepLearning_grid_1_AutoML_1_20230311_160424_model_4",0.007401483662334517,0.037255629037645274,0.0013879818949906375,0.028235538804738065,0.0013879818949906375
"DeepLearning_grid_1_AutoML_1_20230311_160424_model_12",0.007517563014443187,0.03789736793102856,0.0014362104960997518,0.02896136030704141,0.0014362104960997518
"DeepLearning_grid_1_AutoML_1_20230311_160424_model_7",0.008017748402028752,0.03735096698661767,0.001395094734835403,0.028395863616546713,0.001395094734835403
"DeepLearning_grid_1_AutoML_1_20230311_160424_model_8",0.008699831067345332,0.03734939367611783,0.0013949772079736309,0.02838325612404379,0.0013949772079736309
"DeepLearning_grid_1_AutoML_1_20230311_160424_model_10",0.010574735948531104,0.037874503393820154,0.0014344780073284945,0.029106437782045778,0.0014344780073284945
"DeepLearning_1_AutoML_1_20230311_160424",0.012359732219598943,0.03825557538338122,0.0014634890479135632,0.029610516856467026,0.0014634890479135632
"DeepLearning_grid_3_AutoML_1_20230311_160424_model_1",0.012475150838905298,0.03819953654868456,0.0014592045925342877,0.02946812432381423,0.0014592045925342877
"DeepLearning_grid_2_AutoML_1_20230311_160424_model_1",0.013507745166089756,0.03830039460079616,0.0014669202265766954,0.029625085984547384,0.0014669202265766954
