"model_id","mae","rmse","mse","rmsle","mean_residual_deviance"
"DeepLearning_grid_1_AutoML_1_20230312_144401_model_13",0.005045016158600614,0.03716933344642422,0.0013815593488514704,0.02805151050985568,0.0013815593488514704
"DeepLearning_grid_1_AutoML_1_20230312_144401_model_9",0.005418658746622006,0.03721817953727671,0.001385192888068963,0.028115845637310167,0.001385192888068963
"DeepLearning_grid_1_AutoML_1_20230312_144401_model_1",0.005570681411269058,0.03723405814872393,0.0013863750862225547,0.028125326785569327,0.0013863750862225547
"DeepLearning_grid_1_AutoML_1_20230312_144401_model_15",0.00571969491803195,0.037863279180448815,0.0014336279102966087,0.02891670180722278,0.0014336279102966087
"DeepLearning_grid_1_AutoML_1_20230312_144401_model_6",0.005974610752154572,0.03701313819957864,0.0013699723993811075,0.02794284252207424,0.0013699723993811075
"DeepLearning_grid_1_AutoML_1_20230312_144401_model_14",0.0060177800325939175,0.03725549219898317,0.0013879716989884958,0.02820842512945186,0.0013879716989884958
"DeepLearning_grid_1_AutoML_1_20230312_144401_model_2",0.006220586226511508,0.03721582850318387,0.001385017891178393,0.028149560440575032,0.001385017891178393
"DeepLearning_grid_1_AutoML_1_20230312_144401_model_5",0.006584243965739989,0.03730355667782266,0.0013915553408155278,0.028278788490153348,0.0013915553408155278
"DeepLearning_grid_1_AutoML_1_20230312_144401_model_4",0.00747281679890222,0.03714088889815717,0.0013794456281452543,0.02812523476888759,0.0013794456281452543
"DeepLearning_grid_1_AutoML_1_20230312_144401_model_8",0.007507534932855088,0.0373472362532968,0.0013948160557595666,0.028346332970906593,0.0013948160557595666
"DeepLearning_grid_1_AutoML_1_20230312_144401_model_12",0.007601458737415599,0.03773366784779376,0.0014238296892476244,0.028819743932506567,0.0014238296892476244
"DeepLearning_grid_1_AutoML_1_20230312_144401_model_7",0.007846285231813696,0.037171176305174775,0.0013816963479103869,0.02818325278223349,0.0013816963479103869
"DeepLearning_grid_1_AutoML_1_20230312_144401_model_10",0.010055628653843376,0.03781255326103941,0.0014297891841189416,0.029001641634363032,0.0014297891841189416
"DeepLearning_grid_2_AutoML_1_20230312_144401_model_1",0.01129794089043949,0.03833246817459699,0.001469378116356491,0.029562464322397307,0.001469378116356491
"DeepLearning_1_AutoML_1_20230312_144401",0.011737062496931516,0.03830438572054587,0.001467225965428359,0.029591189470047737,0.001467225965428359
