"model_id","mae","rmse","mse","rmsle","mean_residual_deviance"
"GBM_grid_1_AutoML_1_20230311_160422_model_68",0.0055764300894364,0.037372296776944466,0.001396688566384014,0.02828525496273438,0.001396688566384014
"GBM_lr_annealing_selection_AutoML_1_20230311_160422_select_model",0.005728318021404925,0.03732514002027049,0.0013931660775327978,0.028237026951804804,0.0013931660775327978
"GBM_grid_1_AutoML_1_20230311_160422_model_71",0.005749830995985484,0.03727920484229225,0.0013897391136735862,0.02816155045308844,0.0013897391136735862
"StackedEnsemble_BestOfFamily_6_AutoML_1_20230311_160422",0.005760473221272898,0.037324325446514275,0.0013931052700373132,0.02820650894061696,0.0013931052700373132
"StackedEnsemble_AllModels_6_AutoML_1_20230311_160422",0.005766655663162123,0.037315174458640535,0.001392422244878779,0.02819708136931157,0.001392422244878779
"StackedEnsemble_BestOfFamily_1_AutoML_1_20230311_160422",0.005768098167327634,0.037341354870435245,0.0013943767835597782,0.028229680047700885,0.0013943767835597782
"StackedEnsemble_BestOfFamily_2_AutoML_1_20230311_160422",0.005772965733376479,0.03733521036990686,0.0013939179333652008,0.02822109454216173,0.0013939179333652008
"DRF_1_AutoML_1_20230311_160422",0.005773987776467543,0.04162791759467988,0.0017328835232694587,0.03225759295016339,0.0017328835232694587
"StackedEnsemble_AllModels_1_AutoML_1_20230311_160422",0.005780694302651345,0.037352121019963574,0.0013951809446900046,0.02824246390486535,0.0013951809446900046
"GBM_grid_1_AutoML_1_20230311_160422_model_45",0.005809646449204318,0.037448006457448474,0.0014023531876371028,0.028392478287934172,0.0014023531876371028
"StackedEnsemble_AllModels_2_AutoML_1_20230311_160422",0.005811923353739397,0.03733803854155984,0.0013941291221310076,0.02823983088908371,0.0013941291221310076
"DeepLearning_grid_1_AutoML_1_20230311_160422_model_6",0.005813247410387012,0.03705950741296232,0.0013734070896914091,0.027984819212126553,0.0013734070896914091
"GBM_grid_1_AutoML_1_20230311_160422_model_19",0.005818870323651378,0.03731574405114764,0.0013924647540907607,0.02823208874120651,0.0013924647540907607
"GBM_grid_1_AutoML_1_20230311_160422_model_16",0.005841423820389391,0.037342478328416834,0.0013944606877082809,0.028265608801002373,0.0013944606877082809
"StackedEnsemble_BestOfFamily_3_AutoML_1_20230311_160422",0.0058454864145357,0.037341014615929057,0.0013943513725470276,0.028241250629365985,0.0013943513725470276
"GBM_grid_1_AutoML_1_20230311_160422_model_18",0.005879857537488678,0.03950323310988074,0.001560505426133578,0.03055094272537368,0.001560505426133578
"GBM_grid_1_AutoML_1_20230311_160422_model_65",0.00589862592781553,0.040945432943366146,0.001676528478919694,0.03172606167505005,0.001676528478919694
"GBM_grid_1_AutoML_1_20230311_160422_model_50",0.00591256920035522,0.0373396926326166,0.0013942526458982822,0.028262157917658563,0.0013942526458982822
"GBM_grid_1_AutoML_1_20230311_160422_model_47",0.0059226730639013155,0.03729115303510128,0.0013906300946873434,0.028214465281443217,0.0013906300946873434
"GBM_grid_1_AutoML_1_20230311_160422_model_60",0.005949936883824312,0.04238572771000275,0.0017965499135064948,0.032899405107253865,0.0017965499135064948
"DeepLearning_grid_1_AutoML_1_20230311_160422_model_1",0.005977258868139534,0.03714605601247024,0.0013798294772815766,0.028059700743206392,0.0013798294772815766
"GBM_grid_1_AutoML_1_20230311_160422_model_59",0.00597779757792605,0.03746601224130192,0.001403702073265385,0.028433198693638338,0.001403702073265385
"GBM_grid_1_AutoML_1_20230311_160422_model_52",0.005979329544948842,0.03775974344803434,0.001425798225261372,0.02879764217323506,0.001425798225261372
"GBM_grid_1_AutoML_1_20230311_160422_model_14",0.00602073920861439,0.037319186279200264,0.0013927216645416491,0.028241108152174645,0.0013927216645416491
"XGBoost_grid_1_AutoML_1_20230311_160422_model_104",0.006044823553136488,0.0374378917996771,0.00140159574240433,0.028386067772903645,0.00140159574240433
"GBM_grid_1_AutoML_1_20230311_160422_model_6",0.006090819624316797,0.03737834704854014,0.0013971408280811098,0.028300884141342204,0.0013971408280811098
"GBM_grid_1_AutoML_1_20230311_160422_model_58",0.006104437898371371,0.03749029548316336,0.001405522255414899,0.028464072205826193,0.001405522255414899
"GBM_3_AutoML_1_20230311_160422",0.006119499473987039,0.03786058102268716,0.0014334235953754593,0.02889121862407961,0.0014334235953754593
"GBM_grid_1_AutoML_1_20230311_160422_model_11",0.006121068060005756,0.0375002734655744,0.0014062705099928633,0.0284446027594482,0.0014062705099928633
"GBM_1_AutoML_1_20230311_160422",0.0061434340562841055,0.03735337267207147,0.0013952744499786556,0.02829264791063456,0.0013952744499786556
"GBM_grid_1_AutoML_1_20230311_160422_model_49",0.0061763772203256816,0.03741181240185093,0.0013996437071912872,0.028371201579761276,0.0013996437071912872
"DeepLearning_grid_2_AutoML_1_20230311_160422_model_1",0.006187200577548099,0.03715815204053701,0.001380728263067665,0.02809038877192081,0.001380728263067665
"GBM_grid_1_AutoML_1_20230311_160422_model_8",0.006202000413392607,0.040382509656473026,0.001630747086155137,0.031443727315513016,0.001630747086155137
"GBM_grid_1_AutoML_1_20230311_160422_model_56",0.0062115033344964194,0.03751959005380446,0.0014077196378055423,0.028491107410866984,0.0014077196378055423
"GBM_grid_1_AutoML_1_20230311_160422_model_5",0.006227507038747752,0.03777829874365307,0.0014271998559646992,0.028822342298317306,0.0014271998559646992
"GBM_grid_1_AutoML_1_20230311_160422_model_12",0.006228794751732374,0.04023796726955334,0.0016190940099856455,0.03118543598750663,0.0016190940099856455
"GBM_grid_1_AutoML_1_20230311_160422_model_51",0.006234043418696937,0.03759955829101033,0.0014137267836790836,0.028595046700869,0.0014137267836790836
"DeepLearning_grid_1_AutoML_1_20230311_160422_model_5",0.006246355378456634,0.03727762401286568,0.0013896212520445796,0.02826636190002511,0.0013896212520445796
"StackedEnsemble_AllModels_3_AutoML_1_20230311_160422",0.0062515310942331,0.03752134374989921,0.0014078512367981006,0.028470636541691356,0.0014078512367981006
"GBM_grid_1_AutoML_1_20230311_160422_model_46",0.006255427871594606,0.0379232269494642,0.0014381711422605675,0.028968527495794635,0.0014381711422605675
"GBM_grid_1_AutoML_1_20230311_160422_model_2",0.006267232820158532,0.040048772964014226,0.001603904215923157,0.031050563909662543,0.001603904215923157
"GBM_grid_1_AutoML_1_20230311_160422_model_53",0.0062832991384663035,0.04020066750831384,0.0016160936681140002,0.031113529337946,0.0016160936681140002
"GBM_grid_1_AutoML_1_20230311_160422_model_69",0.006286348835632278,0.037556678613536634,0.0014105041084804802,0.02854328929972488,0.0014105041084804802
"GBM_grid_1_AutoML_1_20230311_160422_model_66",0.006293299058784603,0.039198754456485414,0.001536542350939835,0.030267836993312744,0.001536542350939835
"GBM_grid_1_AutoML_1_20230311_160422_model_57",0.00630054917650084,0.03819456875484076,0.0014588250823682578,0.02928031570328816,0.0014588250823682578
"GBM_grid_1_AutoML_1_20230311_160422_model_15",0.006300914742085563,0.03951239977076099,0.0015612297356444333,0.030499920866513836,0.0015612297356444333
"GBM_grid_1_AutoML_1_20230311_160422_model_9",0.006304879305209257,0.03843673467780808,0.0014773825726922144,0.029529686167791853,0.0014773825726922144
"StackedEnsemble_AllModels_4_AutoML_1_20230311_160422",0.006312590075329954,0.03760157328320869,0.0014138783133725138,0.02856275328303538,0.0014138783133725138
"GBM_grid_1_AutoML_1_20230311_160422_model_62",0.006322790592733381,0.0383801535697962,0.0014730361880411396,0.029480720122848105,0.0014730361880411396
"GBM_grid_1_AutoML_1_20230311_160422_model_63",0.006325667568287108,0.03782550183377679,0.001430768588977051,0.028866834551716257,0.001430768588977051
"GBM_grid_1_AutoML_1_20230311_160422_model_4",0.006329195648645126,0.037491037949232475,0.0014055779265107898,0.02847140943698166,0.0014055779265107898
"XGBoost_lr_search_selection_AutoML_1_20230311_160422_select_grid_model_3",0.006379920733798688,0.03776354263979835,0.0014260851527078684,0.028756957689992,0.0014260851527078684
"GBM_grid_1_AutoML_1_20230311_160422_model_20",0.006411392628187073,0.03764922911327392,0.001417464452823792,0.02865723609550618,0.001417464452823792
"GBM_grid_1_AutoML_1_20230311_160422_model_7",0.006414516227893484,0.040076315988476136,0.0016061111032081878,0.03109021190587325,0.0016061111032081878
"GBM_4_AutoML_1_20230311_160422",0.006416093978131634,0.038221853602037205,0.0014609100927755643,0.029305672385875524,0.0014609100927755643
"GBM_grid_1_AutoML_1_20230311_160422_model_48",0.006416624248250088,0.03788430767366718,0.0014352207679130776,0.028925043073117808,0.0014352207679130776
"StackedEnsemble_Best1000_1_AutoML_1_20230311_160422",0.00641828930442714,0.037607578938466966,0.0014143299936130243,0.028576746979715704,0.0014143299936130243
"GBM_grid_1_AutoML_1_20230311_160422_model_44",0.0064295807428591525,0.03802255067001227,0.0014457143594536503,0.029066786492817596,0.0014457143594536503
"XGBoost_grid_1_AutoML_1_20230311_160422_model_19",0.006432296096079694,0.03786763763406816,0.0014339579799850953,0.02887358230626008,0.0014339579799850953
"GBM_grid_1_AutoML_1_20230311_160422_model_17",0.006445725082571854,0.04146415716362382,0.0017192763292896965,0.03234339137751475,0.0017192763292896965
"GBM_grid_1_AutoML_1_20230311_160422_model_64",0.006453393451514158,0.03824548355827763,0.0014627170126064847,0.02933845826077369,0.0014627170126064847
"GBM_grid_1_AutoML_1_20230311_160422_model_70",0.006494561203367268,0.038103891665631176,0.001451906560066157,0.029183820320200185,0.001451906560066157
"GBM_5_AutoML_1_20230311_160422",0.006517950662607149,0.04449218537904326,0.0019795545598031506,0.03465916340009287,0.0019795545598031506
"GBM_grid_1_AutoML_1_20230311_160422_model_55",0.006519186320027107,0.0383164783980535,0.0014681525168285007,0.029411973991090128,0.0014681525168285007
"DeepLearning_grid_2_AutoML_1_20230311_160422_model_2",0.006540152290996572,0.037416228871431464,0.0013999741829593417,0.028383502611576412,0.0013999741829593417
"GBM_grid_1_AutoML_1_20230311_160422_model_1",0.006551817740937687,0.03782336689489603,0.0014306070832659176,0.028855797770807677,0.0014306070832659176
"DeepLearning_grid_1_AutoML_1_20230311_160422_model_9",0.006554321818808953,0.0371824132249633,0.0013825318532319256,0.028122752296725124,0.0013825318532319256
"GBM_grid_1_AutoML_1_20230311_160422_model_3",0.006566958109532196,0.03793395157139714,0.0014389846818211036,0.028983011541657534,0.0014389846818211036
"XGBoost_grid_1_AutoML_1_20230311_160422_model_106",0.006567631400020725,0.037749304794318594,0.001425010012454365,0.028759951171626143,0.001425010012454365
"GBM_grid_1_AutoML_1_20230311_160422_model_67",0.0065722294645390155,0.043342157369813304,0.001878542605469662,0.03394217806516741,0.001878542605469662
"GBM_grid_1_AutoML_1_20230311_160422_model_42",0.0065762676505021584,0.0377863195414282,0.0014278059444869189,0.028832628307382084,0.0014278059444869189
"DeepLearning_grid_3_AutoML_1_20230311_160422_model_1",0.006577775357873744,0.037816353890411006,0.0014300766215648035,0.0287824058779565,0.0014300766215648035
"XGBoost_grid_1_AutoML_1_20230311_160422_model_11",0.006589590351384422,0.03823714874197612,0.0014620795439160058,0.02931780215157867,0.0014620795439160058
"XGBoost_grid_1_AutoML_1_20230311_160422_model_93",0.006633974649181335,0.03781659764163996,0.001430095057189689,0.028850394274041336,0.001430095057189689
"XGBoost_grid_1_AutoML_1_20230311_160422_model_8",0.00663443156799154,0.0462921226040248,0.0021429606151860637,0.03642020121851351,0.0021429606151860637
"XGBoost_grid_1_AutoML_1_20230311_160422_model_30",0.00666377142749763,0.03774095873003448,0.0014243799658621662,0.028746229566252886,0.0014243799658621662
"GBM_2_AutoML_1_20230311_160422",0.006673045766038919,0.03850888057595545,0.0014829338832131993,0.029627131241666355,0.0014829338832131993
"XGBoost_grid_1_AutoML_1_20230311_160422_model_36",0.0066759826128575655,0.04765654629283786,0.0022711464045613978,0.03764785519637074,0.0022711464045613978
"XGBoost_grid_1_AutoML_1_20230311_160422_model_9",0.006681881260421187,0.037847826126954386,0.0014324579425361711,0.028876819506130975,0.0014324579425361711
"GBM_grid_1_AutoML_1_20230311_160422_model_10",0.0066918398015504855,0.03791909289921586,0.001437857606299363,0.029000460634557596,0.001437857606299363
"GBM_grid_1_AutoML_1_20230311_160422_model_43",0.006696571069926018,0.03806650578453823,0.0014490588626442824,0.029147335643472425,0.0014490588626442824
"GBM_grid_1_AutoML_1_20230311_160422_model_41",0.006720849200392087,0.04339011023414517,0.0018827016661312691,0.03382831962436201,0.0018827016661312691
"XGBoost_grid_1_AutoML_1_20230311_160422_model_28",0.00672965703174124,0.037986169003703406,0.0014429490355779174,0.029046167047645264,0.0014429490355779174
"XGBoost_grid_1_AutoML_1_20230311_160422_model_90",0.006771122252367749,0.03774660074417464,0.001424805867740126,0.028787442062896584,0.001424805867740126
"DeepLearning_grid_1_AutoML_1_20230311_160422_model_8",0.006790082089938858,0.03723538155174301,0.0013864736393038835,0.028211911922880903,0.0013864736393038835
"GBM_grid_1_AutoML_1_20230311_160422_model_61",0.0068119366042089504,0.04042103767583029,0.0016338602867908918,0.03137531345337902,0.0016338602867908918
"StackedEnsemble_BestOfFamily_4_AutoML_1_20230311_160422",0.006863843209758423,0.037609154635267414,0.001414448512379456,0.028594165555960675,0.001414448512379456
"GBM_grid_1_AutoML_1_20230311_160422_model_13",0.006881972561116269,0.042783248581316456,0.0018304063591707167,0.03326057444137945,0.0018304063591707167
"StackedEnsemble_BestOfFamily_5_AutoML_1_20230311_160422",0.006915739994906384,0.03909452518165979,0.001528381899179431,0.03030094248132258,0.001528381899179431
"StackedEnsemble_BestOfFamily_7_AutoML_1_20230311_160422",0.006966520445106029,0.03762943062639024,0.0014159740492663165,0.02861921259786848,0.0014159740492663165
"XGBoost_grid_1_AutoML_1_20230311_160422_model_21",0.006969649134989733,0.03775351544043311,0.0014253279281110213,0.02878231259062193,0.0014253279281110213
"GBM_grid_1_AutoML_1_20230311_160422_model_54",0.007001343663363632,0.03807959867321651,0.001450055835113233,0.02916785280813086,0.001450055835113233
"XGBoost_grid_1_AutoML_1_20230311_160422_model_107",0.007086386930792384,0.037482132956781405,0.0014049102909898389,0.02850438282033292,0.0014049102909898389
"DeepLearning_grid_1_AutoML_1_20230311_160422_model_2",0.0071147811659214,0.03729944374403289,0.0013912485036142747,0.0282876036888972,0.0013912485036142747
"XGBoost_grid_1_AutoML_1_20230311_160422_model_15",0.00714087127127005,0.03791156080658937,0.001437286442791723,0.02897226286950077,0.001437286442791723
"XGBoost_grid_1_AutoML_1_20230311_160422_model_24",0.0072076260861243325,0.041121548465441464,0.001690981748195651,0.03202624679567335,0.001690981748195651
"StackedEnsemble_AllModels_5_AutoML_1_20230311_160422",0.007324005539520135,0.03995703655036196,0.0015965647698869614,0.03113950178532371,0.0015965647698869614
"XGBoost_grid_1_AutoML_1_20230311_160422_model_103",0.0074866799826735315,0.039767090941146166,0.001581421521921389,0.03098360470155274,0.001581421521921389
"XGBoost_grid_1_AutoML_1_20230311_160422_model_97",0.007530779114197125,0.0392443468711582,0.0015401187613437845,0.030441503508474965,0.0015401187613437845
"GLM_1_AutoML_1_20230311_160422",0.0075389978253101566,0.03775090838091629,0.001425131083584336,0.028782405182512013,0.001425131083584336
"XGBoost_grid_1_AutoML_1_20230311_160422_model_92",0.007569697019366999,0.03820523326549299,0.0014596398488707322,0.02931279274743656,0.0014596398488707322
"XGBoost_grid_1_AutoML_1_20230311_160422_model_16",0.007649841530697465,0.04215885533420757,0.0017773690830906422,0.03297104797366312,0.0017773690830906422
"DeepLearning_grid_3_AutoML_1_20230311_160422_model_2",0.007678239426018052,0.04272003276924581,0.0018250011998054356,0.03292102263773445,0.0018250011998054356
"XGBoost_grid_1_AutoML_1_20230311_160422_model_1",0.007845781958707247,0.03851085570497416,0.0014830860071293403,0.029703335615482867,0.0014830860071293403
"XGBoost_grid_1_AutoML_1_20230311_160422_model_102",0.007890194077577633,0.03904677177141768,0.0015246503857691807,0.03029301423105636,0.0015246503857691807
"DeepLearning_grid_1_AutoML_1_20230311_160422_model_4",0.008016888085002132,0.0372016000651453,0.001383959047407019,0.028238209372042057,0.001383959047407019
"DeepLearning_grid_1_AutoML_1_20230311_160422_model_7",0.008020674930679941,0.03725181448082543,0.001387697682113835,0.02827625593081477,0.001387697682113835
"XGBoost_grid_1_AutoML_1_20230311_160422_model_41",0.008050299005856864,0.03859227679585012,0.0014893638282875116,0.029778547790112832,0.0014893638282875116
"XGBoost_grid_1_AutoML_1_20230311_160422_model_99",0.008050589819549672,0.0386690256507204,0.0014952935447760723,0.029878442100971535,0.0014952935447760723
"XGBoost_grid_1_AutoML_1_20230311_160422_model_43",0.00809575238685426,0.038369969793747266,0.0014722545819730777,0.029507818985254893,0.0014722545819730777
"XGBoost_grid_1_AutoML_1_20230311_160422_model_87",0.008116091261339557,0.03968374536137548,0.00157479964590649,0.03086120017355842,0.00157479964590649
"XGBoost_grid_1_AutoML_1_20230311_160422_model_32",0.00817230452244234,0.038399057029340766,0.0014744875807425643,0.029546601418710877,0.0014744875807425643
"XGBoost_grid_1_AutoML_1_20230311_160422_model_88",0.008185327726200727,0.03873649010960804,0.001500515666011762,0.029966359112906495,0.001500515666011762
"XGBoost_grid_1_AutoML_1_20230311_160422_model_96",0.008188491945450248,0.039077342997616074,0.0015270387357533342,0.03033577679596242,0.0015270387357533342
"XGBoost_grid_1_AutoML_1_20230311_160422_model_23",0.008268595866177899,0.04273343821461382,0.0018261467416422169,0.03365829322452267,0.0018261467416422169
"XGBoost_grid_1_AutoML_1_20230311_160422_model_94",0.0082739362087197,0.03866734408602681,0.0014951634986671927,0.029828056197012898,0.0014951634986671927
"XGBoost_grid_1_AutoML_1_20230311_160422_model_42",0.008325916019517444,0.038777135342252425,0.001503666225351362,0.030006258284708317,0.001503666225351362
"XGBoost_grid_1_AutoML_1_20230311_160422_model_91",0.008361397606770637,0.03916063488064848,0.001533555324255463,0.030380478886071153,0.001533555324255463
"XGBoost_grid_1_AutoML_1_20230311_160422_model_38",0.008432128169008958,0.041901256627395765,0.0017557153069548777,0.03271697131749781,0.0017557153069548777
"XGBoost_grid_1_AutoML_1_20230311_160422_model_29",0.008554845419780256,0.041834009319104845,0.001750084335710951,0.03273294933719525,0.001750084335710951
"DeepLearning_1_AutoML_1_20230311_160422",0.008623589470167923,0.037555880842287434,0.001410444185840092,0.02864930512253326,0.001410444185840092
"XGBoost_3_AutoML_1_20230311_160422",0.008739863447035883,0.043270534089021366,0.00187233912034916,0.033937231408853484,0.00187233912034916
"XGBoost_grid_1_AutoML_1_20230311_160422_model_20",0.008841397722541545,0.039265866406609805,0.0015418082646617285,0.03056417566360713,0.0015418082646617285
"XGBoost_grid_1_AutoML_1_20230311_160422_model_7",0.008848351456633936,0.03958405558758736,0.0015668974567612064,0.030800112303296597,0.0015668974567612064
"XGBoost_grid_1_AutoML_1_20230311_160422_model_25",0.008864445698115658,0.04000022959456944,0.0016000183676182689,0.031397038023035055,0.0016000183676182689
"XGBoost_grid_1_AutoML_1_20230311_160422_model_39",0.008884454548271099,0.04298624635624367,0.0018478173757996725,0.033606276467323205,0.0018478173757996725
"XGBoost_grid_1_AutoML_1_20230311_160422_model_2",0.008981273531584474,0.041301694980714045,0.0017058300082799394,0.03229861492668656,0.0017058300082799394
"XGBoost_grid_1_AutoML_1_20230311_160422_model_35",0.008993612042493531,0.03835136028186772,0.001470826835469621,0.02954534439235434,0.001470826835469621
"XGBoost_grid_1_AutoML_1_20230311_160422_model_105",0.009004027502086587,0.04033820890897243,0.0016271710979839028,0.03154217302168762,0.0016271710979839028
"XGBoost_grid_1_AutoML_1_20230311_160422_model_89",0.009009092355287832,0.03887956227282163,0.0015116203625262154,0.030108389613508375,0.0015116203625262154
"XGBoost_grid_1_AutoML_1_20230311_160422_model_33",0.009032438470139403,0.04131568530881733,0.0017069858525372242,0.03231084580194705,0.0017069858525372242
"XGBoost_grid_1_AutoML_1_20230311_160422_model_40",0.009038676953714011,0.04564000365771314,0.0020830099338760687,0.03590690093799722,0.0020830099338760687
"XGBoost_grid_1_AutoML_1_20230311_160422_model_101",0.009102276566679291,0.04008398546802048,0.0016067258910004772,0.031231557935757537,0.0016067258910004772
"XGBoost_grid_1_AutoML_1_20230311_160422_model_13",0.009125572667330276,0.04003925125843609,0.001603141641336176,0.031412011421595054,0.001603141641336176
"XGBoost_grid_1_AutoML_1_20230311_160422_model_34",0.009128677357956264,0.04256434660674486,0.0018117236020591123,0.033384345950967474,0.0018117236020591123
"XGBoost_grid_1_AutoML_1_20230311_160422_model_4",0.009151468293528147,0.04152122408062977,0.0017240120491538694,0.032508028720087276,0.0017240120491538694
"XGBoost_grid_1_AutoML_1_20230311_160422_model_22",0.00925078914208514,0.0406711133840164,0.0016541394638955177,0.031809677506584595,0.0016541394638955177
"XGBoost_grid_1_AutoML_1_20230311_160422_model_98",0.009284624578309766,0.04118640263368925,0.0016963197619043646,0.03222151602809959,0.0016963197619043646
"XGBoost_grid_1_AutoML_1_20230311_160422_model_3",0.009290305403118116,0.04375364572240933,0.001914381514002108,0.03433884600801254,0.001914381514002108
"XGBoost_grid_1_AutoML_1_20230311_160422_model_18",0.009399670831885122,0.04056331234193352,0.0016453823081492565,0.03170231729145819,0.0016453823081492565
"DeepLearning_grid_1_AutoML_1_20230311_160422_model_3",0.00949652689252563,0.03854621325906357,0.0014858105566132082,0.02990778260926256,0.0014858105566132082
"XGBoost_grid_1_AutoML_1_20230311_160422_model_27",0.009518326605379438,0.04378733152647423,0.001917330402209364,0.0343653327140624,0.001917330402209364
"XGBoost_grid_1_AutoML_1_20230311_160422_model_95",0.00966595613038602,0.04134302584570116,0.001709245786078314,0.03233079184540849,0.001709245786078314
"XGBoost_grid_1_AutoML_1_20230311_160422_model_12",0.009675660559310982,0.04064675130481897,0.0016521583916358025,0.03190118041057541,0.0016521583916358025
"XGBoost_1_AutoML_1_20230311_160422",0.009758375214961996,0.03951658642564551,0.0015615606027355113,0.030838547761769353,0.0015615606027355113
"XGBoost_grid_1_AutoML_1_20230311_160422_model_37",0.009866315331191842,0.03987272396379395,0.0015898341162929085,0.03112397479703112,0.0015898341162929085
"XGBoost_2_AutoML_1_20230311_160422",0.010006614590597448,0.0432677175686186,0.001872095383597747,0.034013505548741114,0.001872095383597747
"XGBoost_grid_1_AutoML_1_20230311_160422_model_100",0.010091531488867336,0.03978524062195949,0.0015828653713472157,0.031090755914835316,0.0015828653713472157
"XGBoost_grid_1_AutoML_1_20230311_160422_model_26",0.01013058431952036,0.039517881926631235,0.0015616629919671674,0.030797431583594954,0.0015616629919671674
"XGBoost_grid_1_AutoML_1_20230311_160422_model_5",0.010183194129560886,0.04051241296133792,0.001641255603949981,0.03176459998026723,0.001641255603949981
"XGBoost_grid_1_AutoML_1_20230311_160422_model_31",0.01029239946225142,0.04249737340228449,0.0018060267460931973,0.03354209627579777,0.0018060267460931973
"XGBoost_grid_1_AutoML_1_20230311_160422_model_17",0.010296904142715328,0.04381635759138102,0.0019198731925757736,0.03434751342990303,0.0019198731925757736
"XGBoost_grid_1_AutoML_1_20230311_160422_model_108",0.01029693892078122,0.04218507021538633,0.001779580149077075,0.03321057315207941,0.001779580149077075
"XGBoost_grid_1_AutoML_1_20230311_160422_model_14",0.0103514760268481,0.04044016374383631,0.001635406843628293,0.031658307361861,0.001635406843628293
"XGBoost_grid_1_AutoML_1_20230311_160422_model_6",0.010352462001955418,0.04151231429004738,0.0017232722377156717,0.03267350849613064,0.0017232722377156717
"DeepLearning_grid_1_AutoML_1_20230311_160422_model_11",0.01077521591047496,0.03965117410420754,0.001572215607842179,0.0310750001947647,0.001572215607842179
"DeepLearning_grid_1_AutoML_1_20230311_160422_model_10",0.011203100515047948,0.03818598977824642,0.00145816981534434,0.02951312510516908,0.00145816981534434
"XGBoost_grid_1_AutoML_1_20230311_160422_model_10",0.011496078610097896,0.04802202904917237,0.002306115273999555,0.04032426129622108,0.002306115273999555
"DeepLearning_grid_3_AutoML_1_20230311_160422_model_3",0.014061905023950744,0.03979455995796224,0.0015836070022478515,0.03140560651118108,0.0015836070022478515
"DeepLearning_grid_3_AutoML_1_20230311_160422_model_4",0.01874910208654509,0.04064209681266005,0.0016517800333296325,0.032616763834230365,0.0016517800333296325
"DeepLearning_grid_1_AutoML_1_20230311_160422_model_12",0.020110331608546257,0.04085257910726832,0.001668933219715616,0.03284903531653966,0.001668933219715616
"DeepLearning_grid_2_AutoML_1_20230311_160422_model_4",0.02066368199726381,0.04155764660788519,0.0017270379915858716,0.03364173003978187,0.0017270379915858716
"DeepLearning_grid_2_AutoML_1_20230311_160422_model_3",0.023524596567439555,0.047066600645042304,0.002215264896279897,0.039668489621511795,0.002215264896279897
