"model_id","mae","rmse","mse","rmsle","mean_residual_deviance"
"DeepLearning_grid_1_AutoML_1_20230312_63948_model_14",0.004221516238063528,0.03901396551078568,0.0015220895048767748,0.027993300599088423,0.0015220895048767748
"DeepLearning_grid_1_AutoML_1_20230312_63948_model_2",0.004253199136904257,0.03877794265616822,0.001503728836645071,0.027770703647073153,0.001503728836645071
"DeepLearning_grid_1_AutoML_1_20230312_63948_model_5",0.004447860464206071,0.03910645972947898,0.0015293151925733614,0.028124381070506917,0.0015293151925733614
"DeepLearning_grid_1_AutoML_1_20230312_63948_model_15",0.004853655263997496,0.03909971895100869,0.0015287880220478678,0.02812332210811767,0.0015287880220478678
"DeepLearning_grid_1_AutoML_1_20230312_63948_model_6",0.004881027457397789,0.03881368758813387,0.001506502344189257,0.027819172047894417,0.001506502344189257
"DeepLearning_grid_2_AutoML_1_20230312_63948_model_1",0.005204343419017158,0.039015926870142714,0.0015222425495363245,0.02805130611847025,0.0015222425495363245
"DeepLearning_grid_1_AutoML_1_20230312_63948_model_8",0.005328357788757255,0.03918465875431059,0.0015354374816917698,0.02817475394387312,0.0015354374816917698
"DeepLearning_grid_1_AutoML_1_20230312_63948_model_13",0.005468199121736929,0.038970085927365,0.0015186675971862115,0.02796361095023123,0.0015186675971862115
"DeepLearning_grid_1_AutoML_1_20230312_63948_model_7",0.005474954785473802,0.03914489200009024,0.0015323225696987288,0.0281446774389896,0.0015323225696987288
"DeepLearning_grid_1_AutoML_1_20230312_63948_model_1",0.0056039253433312515,0.039074484899025194,0.001526815370124148,0.028062111676172872,0.001526815370124148
"DeepLearning_grid_1_AutoML_1_20230312_63948_model_9",0.005692218765315731,0.03901447195170042,0.0015221290216700192,0.02802517826473464,0.0015221290216700192
"DeepLearning_grid_3_AutoML_1_20230312_63948_model_1",0.00583805985173645,0.03882055553743911,0.0015070355322353943,0.027846781920673237,0.0015070355322353943
"DeepLearning_grid_1_AutoML_1_20230312_63948_model_4",0.0062029191984225625,0.03915833249731201,0.0015333750039700415,0.028192393968675407,0.0015333750039700415
"DeepLearning_grid_1_AutoML_1_20230312_63948_model_12",0.007048719071286904,0.04005930187696475,0.0016047476668697915,0.029410866438030887,0.0016047476668697915
"DeepLearning_grid_1_AutoML_1_20230312_63948_model_10",0.008567586964738074,0.039655344467256624,0.0015725463448167808,0.028858947754707542,0.0015725463448167808
"DeepLearning_1_AutoML_1_20230312_63948",0.00980183003996324,0.04007348194954079,0.0016058839555601714,0.029392217066441698,0.0016058839555601714
"DeepLearning_grid_3_AutoML_1_20230312_63948_model_2",0.01154974838317204,0.04081138514264595,0.0016655691572613832,0.030302580606188866,0.0016655691572613832
"DeepLearning_grid_2_AutoML_1_20230312_63948_model_2",0.01202648158200384,0.043587327060393435,0.001899855080269706,0.03365907813730277,0.001899855080269706
"DeepLearning_grid_2_AutoML_1_20230312_63948_model_3",0.020526872038426656,0.04743054449572903,0.002249656551161332,0.03834224328709611,0.002249656551161332
