"model_id","mae","rmse","mse","rmsle","mean_residual_deviance"
"DeepLearning_grid_2_AutoML_1_20230311_171501_model_1",0.003999679374546266,0.03856774734506903,0.0014874711352730792,0.02752919792234663,0.0014874711352730792
"DeepLearning_grid_1_AutoML_1_20230311_171501_model_2",0.004203301294280214,0.03889405170889716,0.0015127472583343663,0.027873620633223527,0.0015127472583343663
"GBM_grid_1_AutoML_1_20230311_171501_model_101",0.004805084772271929,0.03936529759731188,0.0015496266549249289,0.02832495295185551,0.0015496266549249289
"DRF_1_AutoML_1_20230311_171501",0.004811152074465336,0.0443062712753135,0.00196304567432167,0.03306484449221054,0.00196304567432167
"DeepLearning_grid_1_AutoML_1_20230311_171501_model_6",0.004849258290010461,0.038944764430584006,0.0015166946765536814,0.027928275902408137,0.0015166946765536814
"GBM_grid_1_AutoML_1_20230311_171501_model_92",0.004944014445395218,0.03938461407004808,0.0015511478254466296,0.028359878890170945,0.0015511478254466296
"GBM_grid_1_AutoML_1_20230311_171501_model_68",0.004949318454680853,0.03939871761058829,0.00155225894935888,0.02837009236960397,0.00155225894935888
"StackedEnsemble_BestOfFamily_7_AutoML_1_20230311_171501",0.0049567691446262266,0.039350395984485594,0.00154845366413582,0.028287970898658407,0.00154845366413582
"GBM_grid_1_AutoML_1_20230311_171501_model_96",0.004990656634987273,0.04400695515507005,0.0019366121020203465,0.03284303903128216,0.0019366121020203465
"GBM_grid_1_AutoML_1_20230311_171501_model_52",0.005037805292609283,0.0396077053690459,0.001568770324601147,0.02869965299708089,0.001568770324601147
"GBM_grid_1_AutoML_1_20230311_171501_model_107",0.005053749424770542,0.04160893907422897,0.001731303810882898,0.0307031808140614,0.001731303810882898
"StackedEnsemble_BestOfFamily_2_AutoML_1_20230311_171501",0.005061211633893624,0.039406390021712055,0.0015528635745432875,0.02836092861981596,0.0015528635745432875
"GBM_grid_1_AutoML_1_20230311_171501_model_16",0.005076302758974819,0.03939225093604165,0.0015517494338080735,0.0283651706256321,0.0015517494338080735
"GBM_grid_1_AutoML_1_20230311_171501_model_19",0.005090039968882318,0.039423015200693315,0.0015541741275140965,0.028396420824560172,0.0015541741275140965
"GBM_grid_1_AutoML_1_20230311_171501_model_84",0.005090863534444584,0.03939912979588388,0.0015522914286729048,0.02837183399412001,0.0015522914286729048
"GBM_grid_1_AutoML_1_20230311_171501_model_74",0.005094511214170649,0.03944545722998412,0.0015559440960825064,0.028441083746770925,0.0015559440960825064
"StackedEnsemble_BestOfFamily_1_AutoML_1_20230311_171501",0.005094626809961139,0.03940948696771129,0.0015531076630582055,0.028363602657704858,0.0015531076630582055
"GBM_grid_1_AutoML_1_20230311_171501_model_99",0.005095026908401255,0.03939626300596214,0.0015520655388349411,0.028372555815220073,0.0015520655388349411
"GBM_grid_1_AutoML_1_20230311_171501_model_79",0.005096806106404794,0.0395580786793695,0.0015648415888031878,0.028635903197891693,0.0015648415888031878
"GBM_grid_1_AutoML_1_20230311_171501_model_50",0.005098049084898449,0.03939667468442673,0.0015520979761905502,0.028370385748169656,0.0015520979761905502
"StackedEnsemble_Best1000_1_AutoML_1_20230311_171501",0.0051003631006269505,0.0394095691628363,0.0015531141416003777,0.02836306806573462,0.0015531141416003777
"StackedEnsemble_AllModels_1_AutoML_1_20230311_171501",0.005101888137490362,0.03944119772689484,0.001555608078132015,0.028404597565531257,0.001555608078132015
"StackedEnsemble_AllModels_6_AutoML_1_20230311_171501",0.005114549346979391,0.03940634690713592,0.001552860176565541,0.02835890756753339,0.001552860176565541
"StackedEnsemble_AllModels_4_AutoML_1_20230311_171501",0.005115385656006503,0.03941111608103728,0.0015532360707529958,0.0283643433561619,0.0015532360707529958
"GBM_grid_1_AutoML_1_20230311_171501_model_49",0.005148644586809816,0.0393671857212004,0.0015497753116074848,0.028368648059386232,0.0015497753116074848
"GBM_grid_1_AutoML_1_20230311_171501_model_47",0.005172218467005928,0.0393792407855765,0.0015507246048484117,0.028359073990623887,0.0015507246048484117
"GBM_grid_1_AutoML_1_20230311_171501_model_70",0.005181178734209104,0.03957775965664261,0.0015663990594389676,0.028663767612964137,0.0015663990594389676
"GBM_grid_1_AutoML_1_20230311_171501_model_85",0.005181271529372487,0.03937772136696292,0.001550604940054168,0.028356040975447257,0.001550604940054168
"GBM_grid_1_AutoML_1_20230311_171501_model_45",0.005186341716471375,0.039374462984914135,0.0015503483353503731,0.02837317654548635,0.0015503483353503731
"GBM_grid_1_AutoML_1_20230311_171501_model_95",0.005202752983878961,0.03957131430772754,0.001565888916040962,0.0286579504450037,0.001565888916040962
"GBM_grid_1_AutoML_1_20230311_171501_model_106",0.005204707799371053,0.04096360979077354,0.001678017327090758,0.030185386668220137,0.001678017327090758
"GBM_grid_1_AutoML_1_20230311_171501_model_82",0.00520741230080295,0.03939841561841433,0.0015522351532413145,0.02837600386029779,0.0015522351532413145
"GBM_grid_1_AutoML_1_20230311_171501_model_105",0.00521467725170686,0.039390193078785746,0.0015515873107840206,0.02837115753640943,0.0015515873107840206
"GBM_grid_1_AutoML_1_20230311_171501_model_12",0.005216846343721428,0.04162326218311319,0.001732495954764181,0.030830706691134753,0.001732495954764181
"GBM_grid_1_AutoML_1_20230311_171501_model_103",0.005224066267139734,0.03937668894244355,0.001550523632069956,0.028359095630554183,0.001550523632069956
"GBM_grid_1_AutoML_1_20230311_171501_model_59",0.005224342085417385,0.039358285878540795,0.0015490746672969435,0.028357943147051368,0.0015490746672969435
"GBM_grid_1_AutoML_1_20230311_171501_model_93",0.005248481646284088,0.03960761959767372,0.0015687635301940273,0.02868252926163943,0.0015687635301940273
"GBM_grid_1_AutoML_1_20230311_171501_model_76",0.0052497171219409375,0.03947562386956544,0.001558324879891405,0.02851536232647886,0.001558324879891405
"GBM_grid_1_AutoML_1_20230311_171501_model_58",0.0052606212745942675,0.03935782674683408,0.001549038526233808,0.02835507689792463,0.001549038526233808
"GBM_grid_1_AutoML_1_20230311_171501_model_94",0.00526625617368383,0.045435239633496736,0.0020643610005532725,0.03399924116593499,0.0020643610005532725
"GBM_grid_1_AutoML_1_20230311_171501_model_100",0.0052750194546186705,0.03945791940232652,0.0015569274035604954,0.02852768909328328,0.0015569274035604954
"GBM_grid_1_AutoML_1_20230311_171501_model_8",0.005299663159932172,0.04303451550515984,0.0018519695247638424,0.03209257401319029,0.0018519695247638424
"GBM_grid_1_AutoML_1_20230311_171501_model_2",0.005313047158585994,0.0413566359849812,0.0017103713399942422,0.030608196116078696,0.0017103713399942422
"GBM_grid_1_AutoML_1_20230311_171501_model_80",0.005313970452447215,0.03943149219068425,0.0015548425763839931,0.028418643626528683,0.0015548425763839931
"GBM_grid_1_AutoML_1_20230311_171501_model_71",0.005315728008837382,0.03964300618404001,0.0015715679393078345,0.02874267216273661,0.0015715679393078345
"GBM_grid_1_AutoML_1_20230311_171501_model_18",0.0053229527623076195,0.04230480861533169,0.001789696831979842,0.03151935394165289,0.001789696831979842
"GBM_grid_1_AutoML_1_20230311_171501_model_5",0.005324272013677934,0.03961313931326283,0.0015692008062519692,0.028706645414067342,0.0015692008062519692
"GBM_grid_1_AutoML_1_20230311_171501_model_91",0.005325537806042216,0.039455226305125254,0.0015567148827886476,0.028447903342100515,0.0015567148827886476
"GBM_grid_1_AutoML_1_20230311_171501_model_78",0.0053365214344079145,0.04357127495556792,0.0018984560012537005,0.03256807211245136,0.0018984560012537005
"StackedEnsemble_BestOfFamily_3_AutoML_1_20230311_171501",0.005337069511592153,0.03941205310760143,0.0015533099301563958,0.028385876094940105,0.0015533099301563958
"GBM_5_AutoML_1_20230311_171501",0.005349678250071554,0.046179475671391045,0.0021325439732845976,0.03454598579809055,0.0021325439732845976
"GBM_grid_1_AutoML_1_20230311_171501_model_90",0.00535449474001877,0.040657752248868126,0.0016530528179303412,0.029865767065148548,0.0016530528179303412
"GBM_1_AutoML_1_20230311_171501",0.005363375445393575,0.03941550402890839,0.0015535819578528932,0.028402985276459757,0.0015535819578528932
"StackedEnsemble_AllModels_2_AutoML_1_20230311_171501",0.005374783599203348,0.03945581580270389,0.0015567614006568977,0.028438009695692074,0.0015567614006568977
"GBM_grid_1_AutoML_1_20230311_171501_model_60",0.005375029757470261,0.04543396801035175,0.0020642454491656666,0.033997121682818404,0.0020642454491656666
"GBM_grid_1_AutoML_1_20230311_171501_model_77",0.005389478925849848,0.039419428959208865,0.0015538913794701146,0.028408235111703,0.0015538913794701146
"GBM_grid_1_AutoML_1_20230311_171501_model_41",0.0054025962029621115,0.04529383690099207,0.002051531661213671,0.03389675726947529,0.002051531661213671
"GBM_3_AutoML_1_20230311_171501",0.0054077347501386725,0.039891580216030995,0.0015913381721320353,0.02904799251920697,0.0015913381721320353
"GBM_grid_1_AutoML_1_20230311_171501_model_72",0.005413818279620149,0.03939533717856049,0.0015519925914124703,0.028382426283820213,0.0015519925914124703
"GBM_grid_1_AutoML_1_20230311_171501_model_7",0.005418805951169577,0.0413914623266424,0.0017132531535378568,0.030645906252226355,0.0017132531535378568
"GBM_grid_1_AutoML_1_20230311_171501_model_46",0.005423921775438237,0.039652022201881555,0.001572282864698508,0.02876582149686415,0.001572282864698508
"GBM_grid_1_AutoML_1_20230311_171501_model_102",0.00543795476099367,0.039413631702743486,0.001553434363999506,0.028434400409949417,0.001553434363999506
"GBM_grid_1_AutoML_1_20230311_171501_model_51",0.005441247488914872,0.03941802665711578,0.0015537808255410904,0.028447641818496124,0.0015537808255410904
"GBM_grid_1_AutoML_1_20230311_171501_model_73",0.005445005371703761,0.04440928783429164,0.0019721848459489633,0.033280298618033825,0.0019721848459489633
"GBM_grid_1_AutoML_1_20230311_171501_model_87",0.0054554135264624735,0.03941789762543436,0.0015537706532092234,0.028427035419379753,0.0015537706532092234
"GBM_grid_1_AutoML_1_20230311_171501_model_63",0.005457770822364707,0.03966918104737434,0.0015736439249693633,0.02877162826488448,0.0015736439249693633
"GBM_grid_1_AutoML_1_20230311_171501_model_14",0.005459607238935888,0.03940155115103893,0.001552482233107937,0.02838521720601842,0.001552482233107937
"DeepLearning_grid_1_AutoML_1_20230311_171501_model_4",0.005481932331543567,0.039063785821591195,0.0015259793627151494,0.028061822752906463,0.0015259793627151494
"GBM_grid_1_AutoML_1_20230311_171501_model_1",0.0054834172523491,0.03990838345080094,0.001592679069656162,0.029084370352549585,0.001592679069656162
"GBM_grid_1_AutoML_1_20230311_171501_model_62",0.005486307250706134,0.040267515864584866,0.0016214728339045937,0.029487239500369737,0.0016214728339045937
"GBM_grid_1_AutoML_1_20230311_171501_model_11",0.005489689141088243,0.03945792495578398,0.00155692784181628,0.028479665520910993,0.00155692784181628
"GBM_grid_1_AutoML_1_20230311_171501_model_97",0.005496639338456825,0.03968511986091795,0.0015749087383754245,0.02878422630513546,0.0015749087383754245
"GBM_grid_1_AutoML_1_20230311_171501_model_44",0.00550237310329157,0.03977911788269462,0.001582378219525315,0.028903716367222426,0.001582378219525315
"DeepLearning_grid_3_AutoML_1_20230311_171501_model_1",0.005512039769757992,0.038722772932863046,0.0014994531436100709,0.027736394325418506,0.0014994531436100709
"GBM_grid_1_AutoML_1_20230311_171501_model_15",0.005512940945310469,0.041560397076542535,0.0017272666051598854,0.03074431858409029,0.0017272666051598854
"GBM_grid_1_AutoML_1_20230311_171501_model_98",0.005513508155717171,0.04570129793982562,0.0020886086333847097,0.034393674785232885,0.0020886086333847097
"GBM_grid_1_AutoML_1_20230311_171501_model_104",0.005515367365641053,0.039438962387074686,0.001555431754169092,0.028466858469716704,0.001555431754169092
"GBM_grid_1_AutoML_1_20230311_171501_model_4",0.00552162492662284,0.039439094032659654,0.0015554421381169703,0.028461927862530705,0.0015554421381169703
"GBM_grid_1_AutoML_1_20230311_171501_model_53",0.005542063995781774,0.04168904683969332,0.0017379766264021435,0.030903087682846275,0.0017379766264021435
"GBM_grid_1_AutoML_1_20230311_171501_model_20",0.005546243820027898,0.03943431249739527,0.0015550650021422248,0.02846396316624024,0.0015550650021422248
"GBM_grid_1_AutoML_1_20230311_171501_model_6",0.0055540536230403075,0.03942761746117395,0.001554537018664669,0.028419598420050703,0.001554537018664669
"GBM_grid_1_AutoML_1_20230311_171501_model_48",0.005578629823617585,0.03967366328118795,0.0015739995581490814,0.028769119555687603,0.0015739995581490814
"GBM_grid_1_AutoML_1_20230311_171501_model_67",0.005581555832772067,0.04468749540303503,0.001996972245396277,0.03356728561844675,0.001996972245396277
"GBM_grid_1_AutoML_1_20230311_171501_model_64",0.005596972039380442,0.04001531539735635,0.0016012254663499042,0.029212301868241294,0.0016012254663499042
"GBM_grid_1_AutoML_1_20230311_171501_model_75",0.005608818541266067,0.039642597367078314,0.0015715355260082842,0.028746628410645063,0.0015715355260082842
"GBM_grid_1_AutoML_1_20230311_171501_model_88",0.0056195113307492715,0.03970811660095232,0.001576734523994825,0.02882892705708548,0.001576734523994825
"DeepLearning_grid_1_AutoML_1_20230311_171501_model_5",0.005628185697905394,0.03924686705902561,0.0015403165739488291,0.02832902858357488,0.0015403165739488291
"DeepLearning_grid_1_AutoML_1_20230311_171501_model_8",0.005638378340642287,0.03921153821290384,0.001537544729022018,0.028211413688870222,0.001537544729022018
"GBM_grid_1_AutoML_1_20230311_171501_model_69",0.005652165000928329,0.039434162157657625,0.0015550531450764366,0.028458734458749885,0.0015550531450764366
"GBM_grid_1_AutoML_1_20230311_171501_model_42",0.005664046221985271,0.03985273191168768,0.0015882402408248493,0.029006608200595523,0.0015882402408248493
"GBM_grid_1_AutoML_1_20230311_171501_model_56",0.005678811163536216,0.03960117137490296,0.0015682527742644338,0.028630252057351275,0.0015682527742644338
"XGBoost_lr_search_selection_AutoML_1_20230311_171501_select_grid_model_1",0.005680576857664046,0.040150952854927875,0.001612099015158641,0.029362202647746007,0.001612099015158641
"GBM_grid_1_AutoML_1_20230311_171501_model_81",0.005705032602997479,0.03946755578781259,0.0015576879598640989,0.02849691900328528,0.0015576879598640989
"XGBoost_grid_1_AutoML_1_20230311_171501_model_28",0.005725612190445911,0.04019936391097272,0.0016159888588468156,0.029408825159220667,0.0016159888588468156
"GBM_grid_1_AutoML_1_20230311_171501_model_57",0.005736777219974128,0.04018475764182936,0.0016148147467325632,0.029411619394688743,0.0016148147467325632
"GBM_grid_1_AutoML_1_20230311_171501_model_9",0.005777259843701884,0.0402201012159328,0.0016176565418198792,0.029428464625499026,0.0016176565418198792
"GBM_grid_1_AutoML_1_20230311_171501_model_17",0.005778108035853727,0.044664540941660565,0.001994921217529273,0.033501688889506005,0.001994921217529273
"GBM_grid_1_AutoML_1_20230311_171501_model_89",0.005781236151158317,0.03968771462854056,0.0015751146924364722,0.02879343865467077,0.0015751146924364722
"GBM_grid_1_AutoML_1_20230311_171501_model_10",0.005782716805191145,0.040098145465082835,0.0016078612697389431,0.02930265425551655,0.0016078612697389431
"GBM_grid_1_AutoML_1_20230311_171501_model_3",0.005811950955397722,0.03993685349024376,0.0015949522667011947,0.029088042560911152,0.0015949522667011947
"DeepLearning_grid_1_AutoML_1_20230311_171501_model_9",0.00585706538818864,0.03901874936246484,0.0015224628018108506,0.0280708363548324,0.0015224628018108506
"GBM_grid_1_AutoML_1_20230311_171501_model_65",0.005868391266290578,0.04536446069483839,0.002057934294133537,0.03418386512451709,0.002057934294133537
"XGBoost_grid_1_AutoML_1_20230311_171501_model_19",0.005870808669119377,0.03990149103895563,0.0015921289871318562,0.029028838587438533,0.0015921289871318562
"GBM_grid_1_AutoML_1_20230311_171501_model_86",0.005875934843002986,0.0446405052854926,0.0019927747121440925,0.033511869585299094,0.0019927747121440925
"GBM_2_AutoML_1_20230311_171501",0.005939993602619044,0.04025875391737651,0.0016207672669798787,0.02951357856688924,0.0016207672669798787
"GBM_4_AutoML_1_20230311_171501",0.005953951112656975,0.04019588306868725,0.0016157090156715783,0.02943540315275879,0.0016157090156715783
"XGBoost_grid_1_AutoML_1_20230311_171501_model_16",0.005957417381080563,0.04531008119189391,0.0020530034576160183,0.0340323049025233,0.0020530034576160183
"StackedEnsemble_BestOfFamily_6_AutoML_1_20230311_171501",0.0059598310172576845,0.041136330111220566,0.001692197655019312,0.030543469535924447,0.001692197655019312
"GBM_grid_1_AutoML_1_20230311_171501_model_66",0.0059722233764452,0.0406534479302349,0.00165270282861632,0.029932898025426567,0.00165270282861632
"GBM_grid_1_AutoML_1_20230311_171501_model_43",0.00598256349433033,0.0403693055885568,0.0016296808337022835,0.029626004881991304,0.0016296808337022835
"GBM_grid_1_AutoML_1_20230311_171501_model_61",0.005983643509241299,0.04196463288147721,0.0017610304128771587,0.03122199578207575,0.0017610304128771587
"GBM_grid_1_AutoML_1_20230311_171501_model_55",0.006022684888979674,0.04030762999298166,0.0016247050356511148,0.029580945359006607,0.0016247050356511148
"DeepLearning_grid_1_AutoML_1_20230311_171501_model_1",0.006055382100173694,0.03889289196369828,0.001512657045299906,0.02792919366036488,0.001512657045299906
"XGBoost_grid_1_AutoML_1_20230311_171501_model_9",0.006119840956892273,0.03980215124467785,0.0015842112437042103,0.02891678840437527,0.0015842112437042103
"DeepLearning_grid_1_AutoML_1_20230311_171501_model_7",0.006142459774450652,0.03913068459303945,0.0015312104767199349,0.028148811095508246,0.0015312104767199349
"GBM_grid_1_AutoML_1_20230311_171501_model_13",0.00616885695261428,0.046588129414510474,0.002170453802343176,0.03527031926997012,0.002170453802343176
"XGBoost_grid_1_AutoML_1_20230311_171501_model_23",0.006193548630779419,0.04500183585570345,0.0020251652303836768,0.033852563681675975,0.0020251652303836768
"StackedEnsemble_BestOfFamily_4_AutoML_1_20230311_171501",0.006296301185379516,0.039949444642768214,0.001595958127265602,0.029102951036426676,0.001595958127265602
"GBM_grid_1_AutoML_1_20230311_171501_model_83",0.006331802021026918,0.04036577168312802,0.0016293955235744202,0.029620102632394466,0.0016293955235744202
"XGBoost_grid_1_AutoML_1_20230311_171501_model_29",0.006354360247258314,0.0444821890641167,0.001978665143935823,0.03344520872898208,0.001978665143935823
"XGBoost_grid_1_AutoML_1_20230311_171501_model_8",0.006368680031409028,0.049158472553849045,0.00241655542382753,0.03752463568920951,0.00241655542382753
"XGBoost_grid_1_AutoML_1_20230311_171501_model_20",0.006437752275809432,0.040356944645638666,0.0016286829811311436,0.02961635183563943,0.0016286829811311436
"GBM_grid_1_AutoML_1_20230311_171501_model_54",0.006520291975120514,0.04011979408980655,0.0016095978778084769,0.02930008372904554,0.0016095978778084769
"XGBoost_grid_1_AutoML_1_20230311_171501_model_36",0.006531648399933536,0.05057196602035952,0.002557523747164398,0.0388064182714468,0.002557523747164398
"StackedEnsemble_AllModels_5_AutoML_1_20230311_171501",0.006567280655980304,0.04211225974186549,0.001773442420566345,0.031672907470371894,0.001773442420566345
"XGBoost_3_AutoML_1_20230311_171501",0.006619456504565469,0.04654695174236697,0.0021666187165062393,0.03496611837189362,0.0021666187165062393
"XGBoost_grid_1_AutoML_1_20230311_171501_model_24",0.006620061925255547,0.04530454883964466,0.0020525021455637484,0.03406189324477547,0.0020525021455637484
"XGBoost_grid_1_AutoML_1_20230311_171501_model_30",0.0066639627157887935,0.0400187612253692,0.0016015012500131137,0.029191367218178377,0.0016015012500131137
"DeepLearning_grid_1_AutoML_1_20230311_171501_model_20",0.006763615060759673,0.03945587861485152,0.0015567663572698977,0.028532938194312865,0.0015567663572698977
"StackedEnsemble_AllModels_3_AutoML_1_20230311_171501",0.006834749874645704,0.04049222485989134,0.001639620274104002,0.029718481052835807,0.001639620274104002
"GLM_1_AutoML_1_20230311_171501",0.006866254380835752,0.03990892905613738,0.0015927226184078067,0.029038671485306953,0.0015927226184078067
"XGBoost_grid_1_AutoML_1_20230311_171501_model_15",0.006949975396616296,0.04003761719482571,0.0016030107906394035,0.029224069076961505,0.0016030107906394035
"XGBoost_grid_1_AutoML_1_20230311_171501_model_21",0.00708181776713269,0.04011197407085963,0.0016089704638613156,0.02930227479360878,0.0016089704638613156
"DeepLearning_1_AutoML_1_20230311_171501",0.007218979422572071,0.039427070512051805,0.0015544938891623049,0.028510682729238675,0.0015544938891623049
"XGBoost_grid_1_AutoML_1_20230311_171501_model_7",0.007258865844776628,0.04267844180142795,0.0018214493945978723,0.03192074607451097,0.0018214493945978723
"XGBoost_grid_1_AutoML_1_20230311_171501_model_25",0.007391619792203101,0.042464204400994465,0.0018032086554094376,0.0320286530085395,0.0018032086554094376
"XGBoost_grid_1_AutoML_1_20230311_171501_model_37",0.007469087573852968,0.04124882089167992,0.0017014652249538894,0.03055423150748646,0.0017014652249538894
"XGBoost_grid_1_AutoML_1_20230311_171501_model_33",0.007498473410127883,0.04363643765472701,0.001904138691194877,0.03277014153549592,0.001904138691194877
"XRT_1_AutoML_1_20230311_171501",0.007531346701577618,0.045580651721949965,0.0020775958113977,0.03427290320863419,0.0020775958113977
"XGBoost_grid_1_AutoML_1_20230311_171501_model_4",0.0076303740897070435,0.04398827704174915,0.0019349685171016755,0.03307089994375674,0.0019349685171016755
"XGBoost_grid_1_AutoML_1_20230311_171501_model_34",0.007729300963307409,0.0459883912732817,0.002114932131904452,0.03499424530399702,0.002114932131904452
"XGBoost_grid_1_AutoML_1_20230311_171501_model_2",0.007856546355952825,0.04449440523599916,0.0019797520973053096,0.03355118950758725,0.0019797520973053096
"XGBoost_grid_1_AutoML_1_20230311_171501_model_32",0.007871480703294215,0.04030640470316443,0.001624606260095276,0.02956536497418218,0.001624606260095276
"XGBoost_grid_1_AutoML_1_20230311_171501_model_13",0.008035491180263449,0.04231694801633284,0.001790724089417016,0.03198120349631929,0.001790724089417016
"XGBoost_grid_1_AutoML_1_20230311_171501_model_3",0.008038772979127353,0.04763403988604969,0.002269001755865773,0.036126639104121505,0.002269001755865773
"XGBoost_grid_1_AutoML_1_20230311_171501_model_18",0.00820710790268608,0.04221078672754224,0.0017817505161580563,0.031542284471392075,0.0017817505161580563
"XGBoost_grid_1_AutoML_1_20230311_171501_model_1",0.008308746654504639,0.04398249124911906,0.0019344595364788344,0.0335269993425984,0.0019344595364788344
"XGBoost_grid_1_AutoML_1_20230311_171501_model_22",0.00832414277698374,0.042067483149323424,0.0017696731385186102,0.031411795971017856,0.0017696731385186102
"XGBoost_2_AutoML_1_20230311_171501",0.008388281944266376,0.04572701770234647,0.002090960147950707,0.03447983637604985,0.002090960147950707
"XGBoost_grid_1_AutoML_1_20230311_171501_model_35",0.008519041208507099,0.04071797127619918,0.0016579531848493812,0.030056705860883454,0.0016579531848493812
"XGBoost_grid_1_AutoML_1_20230311_171501_model_27",0.008530432050249184,0.046981683037905606,0.0022072785410742275,0.035714167067565604,0.0022072785410742275
"StackedEnsemble_BestOfFamily_8_AutoML_1_20230311_171501",0.008825342210641478,0.041118739423562554,0.0016907507317828376,0.030608597184051296,0.0016907507317828376
"XGBoost_1_AutoML_1_20230311_171501",0.00887709937460757,0.042833182374422296,0.0018346815123205208,0.03216794556399524,0.0018346815123205208
"XGBoost_grid_1_AutoML_1_20230311_171501_model_26",0.00892855655349912,0.04127428535236974,0.001703566631348843,0.030688730994171163,0.001703566631348843
"StackedEnsemble_BestOfFamily_5_AutoML_1_20230311_171501",0.009011004399272163,0.04299475597595063,0.001848549041431542,0.03246245923203973,0.001848549041431542
"DeepLearning_grid_2_AutoML_1_20230311_171501_model_5",0.009171516648251726,0.039632518338896645,0.001570736509882979,0.028810390394198745,0.001570736509882979
"XGBoost_grid_1_AutoML_1_20230311_171501_model_31",0.009257064884905606,0.044091688440011975,0.0019440769894910855,0.03348964768141624,0.0019440769894910855
"XGBoost_grid_1_AutoML_1_20230311_171501_model_17",0.009261905899561836,0.04681147389573602,0.002191314088291175,0.03554978889299947,0.002191314088291175
"DeepLearning_grid_1_AutoML_1_20230311_171501_model_10",0.009315677120076724,0.039910426749902375,0.0015928421633593232,0.029185709493593916,0.0015928421633593232
"XGBoost_grid_1_AutoML_1_20230311_171501_model_6",0.009630167665066865,0.04321228538207263,0.0018673016079416877,0.03262420531408387,0.0018673016079416877
"DeepLearning_grid_3_AutoML_1_20230311_171501_model_4",0.009728392790966406,0.0400046441172973,0.0016003715509516098,0.02935625331299951,0.0016003715509516098
"XGBoost_grid_1_AutoML_1_20230311_171501_model_12",0.00977200885543388,0.04403750005933732,0.001939301411476135,0.033509517256588524,0.001939301411476135
"XGBoost_grid_1_AutoML_1_20230311_171501_model_14",0.009894241407210775,0.04272970522826748,0.0018258277088946291,0.03217405686491972,0.0018258277088946291
"XGBoost_grid_1_AutoML_1_20230311_171501_model_5",0.010259237920762934,0.04407528864939819,0.001942631069527769,0.03342287303233581,0.001942631069527769
"XGBoost_grid_1_AutoML_1_20230311_171501_model_10",0.010648838776381614,0.05292575013553145,0.002801135027408707,0.04284019749139705,0.002801135027408707
"DeepLearning_grid_2_AutoML_1_20230311_171501_model_4",0.010896647942181944,0.040369319536124465,0.0016296819598097204,0.029893083826173488,0.0016296819598097204
"DeepLearning_grid_1_AutoML_1_20230311_171501_model_21",0.012142211262566828,0.041210483526609096,0.0016983039524969196,0.030849354076496152,0.0016983039524969196
"DeepLearning_grid_1_AutoML_1_20230311_171501_model_12",0.11095808411438494,0.2987795413988267,0.08926921435849319,,0.08926921435849319
"DeepLearning_grid_3_AutoML_1_20230311_171501_model_3",4.105282105328926,12.888013587225972,166.10089422452128,1.1812640099978615,166.10089422452128
