"model_id","mae","rmse","mse","rmsle","mean_residual_deviance"
"DeepLearning_grid_1_AutoML_1_20230311_182402_model_16",0.0042213912527356,0.038765910813221074,0.0015027958411786108,0.027759431712390672,0.0015027958411786108
"DeepLearning_grid_1_AutoML_1_20230311_182402_model_14",0.004315492933336011,0.039049860613249394,0.0015248916139142064,0.028052000792776803,0.0015248916139142064
"DeepLearning_grid_1_AutoML_1_20230311_182402_model_13",0.00485471239356441,0.03889699031809674,0.0015129758558061117,0.027880713002772017,0.0015129758558061117
"DeepLearning_grid_1_AutoML_1_20230311_182402_model_6",0.00495310652118931,0.03875435999110187,0.0015019004183199176,0.027767061707843037,0.0015019004183199176
"DeepLearning_grid_1_AutoML_1_20230311_182402_model_15",0.0049908122753772165,0.038960050849866,0.0015178855622241445,0.027969771698190708,0.0015178855622241445
"DeepLearning_grid_1_AutoML_1_20230311_182402_model_1",0.005261861005495591,0.03888019680801499,0.0015116697038299789,0.027881260480880913,0.0015116697038299789
"DeepLearning_grid_1_AutoML_1_20230311_182402_model_9",0.005312228703987517,0.03901572358393822,0.0015222266867782731,0.0280181884388373,0.0015222266867782731
"DeepLearning_grid_1_AutoML_1_20230311_182402_model_12",0.005433844858965763,0.03956741743698006,0.0015655805226322333,0.02872518356688565,0.0015655805226322333
"DeepLearning_grid_1_AutoML_1_20230311_182402_model_5",0.005507414489796901,0.03923745362766014,0.0015395777671827796,0.028314314963820197,0.0015395777671827796
"DeepLearning_grid_1_AutoML_1_20230311_182402_model_8",0.005512000684817425,0.03920600070396194,0.0015371104911990644,0.028210721394149273,0.0015371104911990644
"DeepLearning_grid_1_AutoML_1_20230311_182402_model_7",0.005699186547531572,0.0391652061850961,0.0015339133755210895,0.028156597212890214,0.0015339133755210895
"DeepLearning_grid_1_AutoML_1_20230311_182402_model_4",0.005969760373627755,0.03902338150961122,0.0015228243044446664,0.028046847254098027,0.0015228243044446664
"DeepLearning_grid_2_AutoML_1_20230311_182402_model_1",0.006147455997086951,0.03937295857731636,0.0015502298671310705,0.028371586068097834,0.0015502298671310705
"DeepLearning_grid_3_AutoML_1_20230311_182402_model_1",0.007709528717591665,0.0394029755200962,0.0015525944798373008,0.028468674393129383,0.0015525944798373008
"DeepLearning_grid_1_AutoML_1_20230311_182402_model_10",0.008364437784001017,0.03961844494672763,0.001569621179996888,0.02880596224824704,0.001569621179996888
"DeepLearning_1_AutoML_1_20230311_182402",0.011303850270873148,0.04051209592640874,0.0016412299163505435,0.029946173995619843,0.0016412299163505435
"DeepLearning_grid_2_AutoML_1_20230311_182402_model_2",0.08871592888879427,0.14892127485409512,0.022177546104168944,0.1300761604873053,0.022177546104168944
