"model_id","mae","rmse","mse","rmsle","mean_residual_deviance"
"DeepLearning_grid_1_AutoML_1_20230311_144817_model_11",0.00379052849264137,0.03860740305541291,0.0014905315706831065,0.027579477458618717,0.0014905315706831065
"DeepLearning_grid_1_AutoML_1_20230311_144817_model_14",0.004351007450157257,0.03908296236713996,0.0015274779473912789,0.028077359244285883,0.0015274779473912789
"DeepLearning_grid_1_AutoML_1_20230311_144817_model_6",0.004794163624810105,0.038800059357664035,0.0015054446061582526,0.02779082286864044,0.0015054446061582526
"DeepLearning_grid_1_AutoML_1_20230311_144817_model_15",0.005079689750111322,0.03899113695522139,0.0015203087610608313,0.02801677861715866,0.0015203087610608313
"DeepLearning_grid_1_AutoML_1_20230311_144817_model_13",0.005081856586657666,0.03901800743840048,0.0015224049044630752,0.027996787481075883,0.0015224049044630752
"DeepLearning_grid_1_AutoML_1_20230311_144817_model_9",0.005387925689091825,0.039030889936771965,0.0015234103692564071,0.02802885165897258,0.0015234103692564071
"DeepLearning_grid_1_AutoML_1_20230311_144817_model_5",0.0056865434661683405,0.03919384146746632,0.0015361572089768825,0.0282591138927477,0.0015361572089768825
"DeepLearning_grid_1_AutoML_1_20230311_144817_model_7",0.005719382116261056,0.03912691042317894,0.0015309151192634688,0.028124895396711,0.0015309151192634688
"DeepLearning_grid_1_AutoML_1_20230311_144817_model_1",0.005720015561686558,0.03913907365253339,0.0015318670863784336,0.028126489451565467,0.0015318670863784336
"DeepLearning_grid_1_AutoML_1_20230311_144817_model_4",0.005763966399919365,0.03898059678298069,0.0015194869255573242,0.027995608500412317,0.0015194869255573242
"DeepLearning_grid_1_AutoML_1_20230311_144817_model_12",0.005906164019905808,0.03979924657466923,0.0015839800279113208,0.029028460598266807,0.0015839800279113208
"DeepLearning_grid_1_AutoML_1_20230311_144817_model_8",0.006284475098059034,0.03928162955753505,0.0015430464206954114,0.028321158712169225,0.0015430464206954114
"DeepLearning_grid_2_AutoML_1_20230311_144817_model_1",0.0063016510731124945,0.03940075175619938,0.0015524192389536483,0.028411892288053523,0.0015524192389536483
"DeepLearning_grid_3_AutoML_1_20230311_144817_model_1",0.00760812897961086,0.03970064206623597,0.001576140980471385,0.028779923297494625,0.001576140980471385
"DeepLearning_grid_1_AutoML_1_20230311_144817_model_10",0.008319173963876606,0.039689307168773995,0.0015752411035372949,0.02888697907244983,0.0015752411035372949
"DeepLearning_1_AutoML_1_20230311_144817",0.010346783589332512,0.04023285057597965,0.001618682265469106,0.02959210421111663,0.001618682265469106
"DeepLearning_grid_2_AutoML_1_20230311_144817_model_2",0.025223806767944047,0.067772736207932,0.004593143773109938,0.05815772680795613,0.004593143773109938
