"model_id","mae","rmse","mse","rmsle","mean_residual_deviance"
"DeepLearning_grid_1_AutoML_1_20230311_195722_model_2",0.0040881194120640655,0.03905522111439934,0.0015253102962946238,0.028027093288096244,0.0015253102962946238
"DeepLearning_grid_3_AutoML_1_20230311_195722_model_1",0.004457332077463226,0.0389914368002697,0.0015203321437494263,0.027951783960745904,0.0015203321437494263
"DeepLearning_grid_1_AutoML_1_20230311_195722_model_6",0.004750866856665031,0.03893883160825216,0.0015162326070158171,0.027917336174290916,0.0015162326070158171
"DRF_1_AutoML_1_20230311_195722",0.004811152074465336,0.0443062712753135,0.00196304567432167,0.03306484449221054,0.00196304567432167
"DeepLearning_grid_1_AutoML_1_20230311_195722_model_5",0.004890376584209887,0.039188231561899545,0.0015357174929490594,0.028219010656974748,0.0015357174929490594
"GBM_grid_1_AutoML_1_20230311_195722_model_68",0.004949318454680853,0.03939871761058829,0.00155225894935888,0.02837009236960397,0.00155225894935888
"GBM_grid_1_AutoML_1_20230311_195722_model_52",0.005037805292609283,0.0396077053690459,0.001568770324601147,0.02869965299708089,0.001568770324601147
"StackedEnsemble_BestOfFamily_2_AutoML_1_20230311_195722",0.005061211633893624,0.039406390021712055,0.0015528635745432875,0.02836092861981596,0.0015528635745432875
"GBM_grid_1_AutoML_1_20230311_195722_model_16",0.005076302758974819,0.03939225093604165,0.0015517494338080735,0.0283651706256321,0.0015517494338080735
"GBM_grid_1_AutoML_1_20230311_195722_model_77",0.005084684670974296,0.03937895044786591,0.0015507017383754784,0.028332854710094425,0.0015507017383754784
"GBM_grid_1_AutoML_1_20230311_195722_model_19",0.005090039968882318,0.039423015200693315,0.0015541741275140965,0.028396420824560172,0.0015541741275140965
"StackedEnsemble_BestOfFamily_6_AutoML_1_20230311_195722",0.005093647437866622,0.03941298590547515,0.0015533834579851827,0.028366385684152517,0.0015533834579851827
"GBM_grid_1_AutoML_1_20230311_195722_model_74",0.005094511214170649,0.03944545722998412,0.0015559440960825064,0.028441083746770925,0.0015559440960825064
"StackedEnsemble_BestOfFamily_1_AutoML_1_20230311_195722",0.005094626809961139,0.03940948696771129,0.0015531076630582055,0.028363602657704858,0.0015531076630582055
"GBM_grid_1_AutoML_1_20230311_195722_model_50",0.005098049084898449,0.03939667468442673,0.0015520979761905502,0.028370385748169656,0.0015520979761905502
"StackedEnsemble_AllModels_1_AutoML_1_20230311_195722",0.005101888137490362,0.03944119772689484,0.001555608078132015,0.028404597565531257,0.001555608078132015
"DeepLearning_grid_2_AutoML_1_20230311_195722_model_1",0.005102381232656087,0.03879904563964443,0.0015053659425472118,0.0277701348626816,0.0015053659425472118
"StackedEnsemble_AllModels_6_AutoML_1_20230311_195722",0.00510540462623571,0.039404855461484214,0.0015527426339404622,0.028357193786563827,0.0015527426339404622
"GBM_grid_1_AutoML_1_20230311_195722_model_49",0.005148644586809816,0.0393671857212004,0.0015497753116074848,0.028368648059386232,0.0015497753116074848
"GBM_grid_1_AutoML_1_20230311_195722_model_47",0.005172218467005928,0.0393792407855765,0.0015507246048484117,0.028359073990623887,0.0015507246048484117
"GBM_grid_1_AutoML_1_20230311_195722_model_70",0.005181178734209104,0.03957775965664261,0.0015663990594389676,0.028663767612964137,0.0015663990594389676
"GBM_grid_1_AutoML_1_20230311_195722_model_45",0.005186341716471375,0.039374462984914135,0.0015503483353503731,0.02837317654548635,0.0015503483353503731
"GBM_grid_1_AutoML_1_20230311_195722_model_12",0.005216846343721428,0.04162326218311319,0.001732495954764181,0.030830706691134753,0.001732495954764181
"GBM_grid_1_AutoML_1_20230311_195722_model_59",0.005224342085417385,0.039358285878540795,0.0015490746672969435,0.028357943147051368,0.0015490746672969435
"GBM_grid_1_AutoML_1_20230311_195722_model_58",0.0052606212745942675,0.03935782674683408,0.001549038526233808,0.02835507689792463,0.001549038526233808
"GBM_grid_1_AutoML_1_20230311_195722_model_76",0.005262663260446212,0.03948951751386815,0.0015594219934780996,0.028532128937202715,0.0015594219934780996
"DeepLearning_grid_1_AutoML_1_20230311_195722_model_9",0.005273914567072579,0.039119359686375185,0.0015303243022719965,0.028104534126837676,0.0015303243022719965
"StackedEnsemble_BestOfFamily_3_AutoML_1_20230311_195722",0.005276371508561101,0.03940135891433255,0.001552467084296053,0.028369394207580865,0.001552467084296053
"GBM_grid_1_AutoML_1_20230311_195722_model_8",0.005299663159932172,0.04303451550515984,0.0018519695247638424,0.03209257401319029,0.0018519695247638424
"GBM_grid_1_AutoML_1_20230311_195722_model_2",0.005313047158585994,0.0413566359849812,0.0017103713399942422,0.030608196116078696,0.0017103713399942422
"GBM_grid_1_AutoML_1_20230311_195722_model_71",0.005315728008837382,0.03964300618404001,0.0015715679393078345,0.02874267216273661,0.0015715679393078345
"StackedEnsemble_AllModels_2_AutoML_1_20230311_195722",0.005320369231147657,0.039446469135455235,0.0015560239272544222,0.028423595296492448,0.0015560239272544222
"GBM_grid_1_AutoML_1_20230311_195722_model_18",0.0053229527623076195,0.04230480861533169,0.001789696831979842,0.03151935394165289,0.001789696831979842
"GBM_grid_1_AutoML_1_20230311_195722_model_5",0.005324272013677934,0.03961313931326283,0.0015692008062519692,0.028706645414067342,0.0015692008062519692
"GBM_5_AutoML_1_20230311_195722",0.005349678250071554,0.046179475671391045,0.0021325439732845976,0.03454598579809055,0.0021325439732845976
"GBM_1_AutoML_1_20230311_195722",0.005363375445393575,0.03941550402890839,0.0015535819578528932,0.028402985276459757,0.0015535819578528932
"GBM_grid_1_AutoML_1_20230311_195722_model_60",0.005375029757470261,0.04543396801035175,0.0020642454491656666,0.033997121682818404,0.0020642454491656666
"GBM_grid_1_AutoML_1_20230311_195722_model_41",0.0054025962029621115,0.04529383690099207,0.002051531661213671,0.03389675726947529,0.002051531661213671
"GBM_3_AutoML_1_20230311_195722",0.0054077347501386725,0.039891580216030995,0.0015913381721320353,0.02904799251920697,0.0015913381721320353
"GBM_grid_1_AutoML_1_20230311_195722_model_72",0.005413818279620149,0.03939533717856049,0.0015519925914124703,0.028382426283820213,0.0015519925914124703
"GBM_grid_1_AutoML_1_20230311_195722_model_7",0.005418805951169577,0.0413914623266424,0.0017132531535378568,0.030645906252226355,0.0017132531535378568
"GBM_grid_1_AutoML_1_20230311_195722_model_46",0.005423921775438237,0.039652022201881555,0.001572282864698508,0.02876582149686415,0.001572282864698508
"DeepLearning_grid_1_AutoML_1_20230311_195722_model_1",0.0054306420042964055,0.03902142185306794,0.0015226713634350884,0.02800955100213442,0.0015226713634350884
"GBM_grid_1_AutoML_1_20230311_195722_model_51",0.005441247488914872,0.03941802665711578,0.0015537808255410904,0.028447641818496124,0.0015537808255410904
"GBM_grid_1_AutoML_1_20230311_195722_model_73",0.005445005371703761,0.04440928783429164,0.0019721848459489633,0.033280298618033825,0.0019721848459489633
"GBM_grid_1_AutoML_1_20230311_195722_model_63",0.005457770822364707,0.03966918104737434,0.0015736439249693633,0.02877162826488448,0.0015736439249693633
"GBM_grid_1_AutoML_1_20230311_195722_model_14",0.005459607238935888,0.03940155115103893,0.001552482233107937,0.02838521720601842,0.001552482233107937
"GBM_grid_1_AutoML_1_20230311_195722_model_1",0.0054834172523491,0.03990838345080094,0.001592679069656162,0.029084370352549585,0.001592679069656162
"GBM_grid_1_AutoML_1_20230311_195722_model_62",0.005486307250706134,0.040267515864584866,0.0016214728339045937,0.029487239500369737,0.0016214728339045937
"GBM_grid_1_AutoML_1_20230311_195722_model_11",0.005489689141088243,0.03945792495578398,0.00155692784181628,0.028479665520910993,0.00155692784181628
"GBM_grid_1_AutoML_1_20230311_195722_model_44",0.00550237310329157,0.03977911788269462,0.001582378219525315,0.028903716367222426,0.001582378219525315
"GBM_grid_1_AutoML_1_20230311_195722_model_15",0.005512940945310469,0.041560397076542535,0.0017272666051598854,0.03074431858409029,0.0017272666051598854
"GBM_grid_1_AutoML_1_20230311_195722_model_4",0.00552162492662284,0.039439094032659654,0.0015554421381169703,0.028461927862530705,0.0015554421381169703
"GBM_grid_1_AutoML_1_20230311_195722_model_53",0.005542063995781774,0.04168904683969332,0.0017379766264021435,0.030903087682846275,0.0017379766264021435
"GBM_grid_1_AutoML_1_20230311_195722_model_20",0.005546243820027898,0.03943431249739527,0.0015550650021422248,0.02846396316624024,0.0015550650021422248
"GBM_grid_1_AutoML_1_20230311_195722_model_6",0.0055540536230403075,0.03942761746117395,0.001554537018664669,0.028419598420050703,0.001554537018664669
"GBM_grid_1_AutoML_1_20230311_195722_model_48",0.005578629823617585,0.03967366328118795,0.0015739995581490814,0.028769119555687603,0.0015739995581490814
"GBM_grid_1_AutoML_1_20230311_195722_model_67",0.005581555832772067,0.04468749540303503,0.001996972245396277,0.03356728561844675,0.001996972245396277
"GBM_grid_1_AutoML_1_20230311_195722_model_64",0.005596972039380442,0.04001531539735635,0.0016012254663499042,0.029212301868241294,0.0016012254663499042
"GBM_grid_1_AutoML_1_20230311_195722_model_75",0.005608818541266067,0.039642597367078314,0.0015715355260082842,0.028746628410645063,0.0015715355260082842
"GBM_grid_1_AutoML_1_20230311_195722_model_69",0.005652165000928329,0.039434162157657625,0.0015550531450764366,0.028458734458749885,0.0015550531450764366
"GBM_grid_1_AutoML_1_20230311_195722_model_42",0.005664046221985271,0.03985273191168768,0.0015882402408248493,0.029006608200595523,0.0015882402408248493
"StackedEnsemble_Best1000_1_AutoML_1_20230311_195722",0.00566955218871133,0.03967450049346487,0.0015740659894059438,0.02872605575617946,0.0015740659894059438
"GBM_grid_1_AutoML_1_20230311_195722_model_56",0.005678811163536216,0.03960117137490296,0.0015682527742644338,0.028630252057351275,0.0015682527742644338
"XGBoost_lr_search_selection_AutoML_1_20230311_195722_select_grid_model_1",0.005680576857664046,0.040150952854927875,0.001612099015158641,0.029362202647746007,0.001612099015158641
"XGBoost_grid_1_AutoML_1_20230311_195722_model_28",0.005725612190445911,0.04019936391097272,0.0016159888588468156,0.029408825159220667,0.0016159888588468156
"GBM_grid_1_AutoML_1_20230311_195722_model_57",0.005736777219974128,0.04018475764182936,0.0016148147467325632,0.029411619394688743,0.0016148147467325632
"GBM_grid_1_AutoML_1_20230311_195722_model_9",0.005777259843701884,0.0402201012159328,0.0016176565418198792,0.029428464625499026,0.0016176565418198792
"GBM_grid_1_AutoML_1_20230311_195722_model_17",0.005778108035853727,0.044664540941660565,0.001994921217529273,0.033501688889506005,0.001994921217529273
"GBM_grid_1_AutoML_1_20230311_195722_model_10",0.005782716805191145,0.040098145465082835,0.0016078612697389431,0.02930265425551655,0.0016078612697389431
"GBM_grid_1_AutoML_1_20230311_195722_model_3",0.005811950955397722,0.03993685349024376,0.0015949522667011947,0.029088042560911152,0.0015949522667011947
"DeepLearning_grid_1_AutoML_1_20230311_195722_model_4",0.0058673388988045696,0.039109436616597854,0.001529548032467685,0.02811144684054963,0.001529548032467685
"GBM_grid_1_AutoML_1_20230311_195722_model_65",0.005868391266290578,0.04536446069483839,0.002057934294133537,0.03418386512451709,0.002057934294133537
"XGBoost_grid_1_AutoML_1_20230311_195722_model_19",0.005870808669119377,0.03990149103895563,0.0015921289871318562,0.029028838587438533,0.0015921289871318562
"GBM_2_AutoML_1_20230311_195722",0.005939993602619044,0.04025875391737651,0.0016207672669798787,0.02951357856688924,0.0016207672669798787
"GBM_4_AutoML_1_20230311_195722",0.005953951112656975,0.04019588306868725,0.0016157090156715783,0.02943540315275879,0.0016157090156715783
"XGBoost_grid_1_AutoML_1_20230311_195722_model_16",0.005957417381080563,0.04531008119189391,0.0020530034576160183,0.0340323049025233,0.0020530034576160183
"GBM_grid_1_AutoML_1_20230311_195722_model_66",0.0059722233764452,0.0406534479302349,0.00165270282861632,0.029932898025426567,0.00165270282861632
"GBM_grid_1_AutoML_1_20230311_195722_model_43",0.00598256349433033,0.0403693055885568,0.0016296808337022835,0.029626004881991304,0.0016296808337022835
"GBM_grid_1_AutoML_1_20230311_195722_model_61",0.005983643509241299,0.04196463288147721,0.0017610304128771587,0.03122199578207575,0.0017610304128771587
"GBM_grid_1_AutoML_1_20230311_195722_model_55",0.006022684888979674,0.04030762999298166,0.0016247050356511148,0.029580945359006607,0.0016247050356511148
"DeepLearning_grid_1_AutoML_1_20230311_195722_model_7",0.006027502367709662,0.03921055419906055,0.0015374675605974648,0.028228747559339015,0.0015374675605974648
"XGBoost_grid_1_AutoML_1_20230311_195722_model_9",0.006119840956892273,0.03980215124467785,0.0015842112437042103,0.02891678840437527,0.0015842112437042103
"GBM_grid_1_AutoML_1_20230311_195722_model_13",0.00616885695261428,0.046588129414510474,0.002170453802343176,0.03527031926997012,0.002170453802343176
"XGBoost_grid_1_AutoML_1_20230311_195722_model_23",0.006193548630779419,0.04500183585570345,0.0020251652303836768,0.033852563681675975,0.0020251652303836768
"DeepLearning_grid_2_AutoML_1_20230311_195722_model_2",0.006335134075767092,0.04942813598115641,0.0024431406265716894,0.036694310953829024,0.0024431406265716894
"XGBoost_grid_1_AutoML_1_20230311_195722_model_29",0.006354360247258314,0.0444821890641167,0.001978665143935823,0.03344520872898208,0.001978665143935823
"XGBoost_grid_1_AutoML_1_20230311_195722_model_8",0.006368680031409028,0.049158472553849045,0.00241655542382753,0.03752463568920951,0.00241655542382753
"StackedEnsemble_BestOfFamily_5_AutoML_1_20230311_195722",0.00637630423108708,0.04126910135765917,0.0017031387268687456,0.030719286608025365,0.0017031387268687456
"StackedEnsemble_AllModels_5_AutoML_1_20230311_195722",0.006434181277334505,0.04292204197724579,0.00184230168749645,0.03232239595816123,0.00184230168749645
"XGBoost_grid_1_AutoML_1_20230311_195722_model_20",0.006437752275809432,0.040356944645638666,0.0016286829811311436,0.02961635183563943,0.0016286829811311436
"DeepLearning_grid_1_AutoML_1_20230311_195722_model_20",0.00651904890184659,0.03919489308099065,0.0015362396436302888,0.028297244331714443,0.0015362396436302888
"GBM_grid_1_AutoML_1_20230311_195722_model_54",0.006520291975120514,0.04011979408980655,0.0016095978778084769,0.02930008372904554,0.0016095978778084769
"XGBoost_grid_1_AutoML_1_20230311_195722_model_36",0.006531648399933536,0.05057196602035952,0.002557523747164398,0.0388064182714468,0.002557523747164398
"XGBoost_3_AutoML_1_20230311_195722",0.006619456504565469,0.04654695174236697,0.0021666187165062393,0.03496611837189362,0.0021666187165062393
"XGBoost_grid_1_AutoML_1_20230311_195722_model_24",0.006620061925255547,0.04530454883964466,0.0020525021455637484,0.03406189324477547,0.0020525021455637484
"XGBoost_grid_1_AutoML_1_20230311_195722_model_30",0.0066639627157887935,0.0400187612253692,0.0016015012500131137,0.029191367218178377,0.0016015012500131137
"GLM_1_AutoML_1_20230311_195722",0.006866254380835752,0.03990892905613738,0.0015927226184078067,0.029038671485306953,0.0015927226184078067
"XGBoost_grid_1_AutoML_1_20230311_195722_model_15",0.006949975396616296,0.04003761719482571,0.0016030107906394035,0.029224069076961505,0.0016030107906394035
"StackedEnsemble_AllModels_3_AutoML_1_20230311_195722",0.007049977329817753,0.04048759012945084,0.001639244954490405,0.02972629232290218,0.001639244954490405
"XGBoost_grid_1_AutoML_1_20230311_195722_model_21",0.00708181776713269,0.04011197407085963,0.0016089704638613156,0.02930227479360878,0.0016089704638613156
"DeepLearning_1_AutoML_1_20230311_195722",0.007154116517949269,0.03942263988463137,0.0015541445354733284,0.028502405576564405,0.0015541445354733284
"StackedEnsemble_BestOfFamily_4_AutoML_1_20230311_195722",0.007255052607533073,0.04011215320627238,0.0016089848348434675,0.02929372989785709,0.0016089848348434675
"XGBoost_grid_1_AutoML_1_20230311_195722_model_7",0.007258865844776628,0.04267844180142795,0.0018214493945978723,0.03192074607451097,0.0018214493945978723
"XGBoost_grid_1_AutoML_1_20230311_195722_model_25",0.007391619792203101,0.042464204400994465,0.0018032086554094376,0.0320286530085395,0.0018032086554094376
"StackedEnsemble_BestOfFamily_7_AutoML_1_20230311_195722",0.007450789255389398,0.040199495447175736,0.0016159994342075023,0.029409164663569062,0.0016159994342075023
"XGBoost_grid_1_AutoML_1_20230311_195722_model_37",0.007469087573852968,0.04124882089167992,0.0017014652249538894,0.03055423150748646,0.0017014652249538894
"XGBoost_grid_1_AutoML_1_20230311_195722_model_33",0.007498473410127883,0.04363643765472701,0.001904138691194877,0.03277014153549592,0.001904138691194877
"XRT_1_AutoML_1_20230311_195722",0.007531346701577618,0.045580651721949965,0.0020775958113977,0.03427290320863419,0.0020775958113977
"XGBoost_grid_1_AutoML_1_20230311_195722_model_4",0.0076303740897070435,0.04398827704174915,0.0019349685171016755,0.03307089994375674,0.0019349685171016755
"DeepLearning_grid_1_AutoML_1_20230311_195722_model_12",0.007662077990881038,0.04877169969960269,0.002378678691588225,0.03636784361120456,0.002378678691588225
"XGBoost_grid_1_AutoML_1_20230311_195722_model_34",0.007729300963307409,0.0459883912732817,0.002114932131904452,0.03499424530399702,0.002114932131904452
"XGBoost_grid_1_AutoML_1_20230311_195722_model_2",0.007856546355952825,0.04449440523599916,0.0019797520973053096,0.03355118950758725,0.0019797520973053096
"XGBoost_grid_1_AutoML_1_20230311_195722_model_32",0.007871480703294215,0.04030640470316443,0.001624606260095276,0.02956536497418218,0.001624606260095276
"XGBoost_grid_1_AutoML_1_20230311_195722_model_13",0.008035491180263449,0.04231694801633284,0.001790724089417016,0.03198120349631929,0.001790724089417016
"XGBoost_grid_1_AutoML_1_20230311_195722_model_3",0.008038772979127353,0.04763403988604969,0.002269001755865773,0.036126639104121505,0.002269001755865773
"DeepLearning_grid_2_AutoML_1_20230311_195722_model_4",0.008067491602418137,0.0397789590269472,0.0015823655812675435,0.028930632831935164,0.0015823655812675435
"StackedEnsemble_AllModels_4_AutoML_1_20230311_195722",0.008071827351018523,0.06338793667579795,0.004018030516014972,0.04488489228409894,0.004018030516014972
"DeepLearning_grid_1_AutoML_1_20230311_195722_model_8",0.008130241881602983,0.039639845439752165,0.0015713173464874403,0.028770617821220024,0.0015713173464874403
"XGBoost_grid_1_AutoML_1_20230311_195722_model_18",0.00820710790268608,0.04221078672754224,0.0017817505161580563,0.031542284471392075,0.0017817505161580563
"XGBoost_grid_1_AutoML_1_20230311_195722_model_1",0.008308746654504639,0.04398249124911906,0.0019344595364788344,0.0335269993425984,0.0019344595364788344
"XGBoost_grid_1_AutoML_1_20230311_195722_model_22",0.00832414277698374,0.042067483149323424,0.0017696731385186102,0.031411795971017856,0.0017696731385186102
"XGBoost_2_AutoML_1_20230311_195722",0.008388281944266376,0.04572701770234647,0.002090960147950707,0.03447983637604985,0.002090960147950707
"XGBoost_grid_1_AutoML_1_20230311_195722_model_35",0.008519041208507099,0.04071797127619918,0.0016579531848493812,0.030056705860883454,0.0016579531848493812
"XGBoost_grid_1_AutoML_1_20230311_195722_model_27",0.008530432050249184,0.046981683037905606,0.0022072785410742275,0.035714167067565604,0.0022072785410742275
"XGBoost_1_AutoML_1_20230311_195722",0.00887709937460757,0.042833182374422296,0.0018346815123205208,0.03216794556399524,0.0018346815123205208
"XGBoost_grid_1_AutoML_1_20230311_195722_model_26",0.00892855655349912,0.04127428535236974,0.001703566631348843,0.030688730994171163,0.001703566631348843
"DeepLearning_grid_3_AutoML_1_20230311_195722_model_3",0.009207776010169135,0.04007485537476898,0.0016059940333086502,0.029451797846350835,0.0016059940333086502
"XGBoost_grid_1_AutoML_1_20230311_195722_model_31",0.009257064884905606,0.044091688440011975,0.0019440769894910855,0.03348964768141624,0.0019440769894910855
"XGBoost_grid_1_AutoML_1_20230311_195722_model_17",0.009261905899561836,0.04681147389573602,0.002191314088291175,0.03554978889299947,0.002191314088291175
"DeepLearning_grid_1_AutoML_1_20230311_195722_model_10",0.009560711793446858,0.04001124880651181,0.0016009000310565928,0.029295567822000445,0.0016009000310565928
"XGBoost_grid_1_AutoML_1_20230311_195722_model_6",0.009630167665066865,0.04321228538207263,0.0018673016079416877,0.03262420531408387,0.0018673016079416877
"XGBoost_grid_1_AutoML_1_20230311_195722_model_12",0.00977200885543388,0.04403750005933732,0.001939301411476135,0.033509517256588524,0.001939301411476135
"XGBoost_grid_1_AutoML_1_20230311_195722_model_14",0.009894241407210775,0.04272970522826748,0.0018258277088946291,0.03217405686491972,0.0018258277088946291
"DeepLearning_grid_2_AutoML_1_20230311_195722_model_3",0.01003557488285397,0.040115997218548895,0.0016092932328386229,0.029458751855772534,0.0016092932328386229
"XGBoost_grid_1_AutoML_1_20230311_195722_model_5",0.010259237920762934,0.04407528864939819,0.001942631069527769,0.03342287303233581,0.001942631069527769
"XGBoost_grid_1_AutoML_1_20230311_195722_model_10",0.010648838776381614,0.05292575013553145,0.002801135027408707,0.04284019749139705,0.002801135027408707
"DeepLearning_grid_3_AutoML_1_20230311_195722_model_2",0.058678772058998775,0.13026401197323104,0.016968712815362077,0.1117594184047508,0.016968712815362077
