"model_id","mae","rmse","mse","rmsle","mean_residual_deviance"
"DeepLearning_grid_1_AutoML_1_20230314_101550_model_12",0.004338688046689761,0.03776460478227211,0.0014261653743612096,0.02724129364568562,0.0014261653743612096
"DeepLearning_grid_1_AutoML_1_20230314_101550_model_2",0.004346842541377216,0.03748000673027995,0.0014047509045018302,0.02687961811941994,0.0014047509045018302
"DeepLearning_grid_1_AutoML_1_20230314_101550_model_6",0.004651751020823903,0.037541837346757485,0.001409389551370395,0.026940739249887227,0.001409389551370395
"DeepLearning_grid_1_AutoML_1_20230314_101550_model_5",0.004666436704608812,0.037570425105346875,0.0014115368425964786,0.02701413084449868,0.0014115368425964786
"DeepLearning_grid_1_AutoML_1_20230314_101550_model_1",0.004826641350277512,0.03773124228439557,0.00142364664432376,0.027124615470693537,0.00142364664432376
"DeepLearning_grid_1_AutoML_1_20230314_101550_model_13",0.004851214044816501,0.03756990772587613,0.0014114979665308467,0.026972660498517025,0.0014114979665308467
"DeepLearning_grid_1_AutoML_1_20230314_101550_model_9",0.00532957499554762,0.03753951880878302,0.0014092154723949744,0.026969339732549173,0.0014092154723949744
"DeepLearning_grid_1_AutoML_1_20230314_101550_model_7",0.005366067480695885,0.037712406778504064,0.0014222256250273591,0.02712348509455116,0.0014222256250273591
"DeepLearning_grid_1_AutoML_1_20230314_101550_model_4",0.005562250448507691,0.03772858295301156,0.0014234459716422746,0.027153085693644587,0.0014234459716422746
"DeepLearning_grid_1_AutoML_1_20230314_101550_model_8",0.005759996260937006,0.03761335733045669,0.00141476464966862,0.027053938382511186,0.00141476464966862
"DeepLearning_grid_1_AutoML_1_20230314_101550_model_14",0.006447184340441269,0.03956820891402152,0.001565643156663652,0.02922200778142236,0.001565643156663652
"DeepLearning_grid_1_AutoML_1_20230314_101550_model_10",0.008084240433196554,0.03825049634458733,0.001463100470607289,0.02787521070419584,0.001463100470607289
"DeepLearning_1_AutoML_1_20230314_101550",0.009683072717854173,0.03856049193239256,0.0014869115380681118,0.028319774118418514,0.0014869115380681118
