"model_id","mae","rmse","mse","rmsle","mean_residual_deviance"
"DeepLearning_grid_1_AutoML_1_20230311_144822_model_13",0.005585712124021344,0.03825471559192734,0.001463423265019249,0.02888245878557303,0.001463423265019249
"DeepLearning_grid_1_AutoML_1_20230311_144822_model_15",0.005622015110071535,0.03827408038047014,0.001464905228970689,0.028943275662736023,0.001464905228970689
"DeepLearning_grid_1_AutoML_1_20230311_144822_model_9",0.005686444214862747,0.03832171915434611,0.001468554158944578,0.02896498605922473,0.001468554158944578
"DeepLearning_grid_1_AutoML_1_20230311_144822_model_5",0.005694032085490239,0.03821592167447823,0.001460456669429855,0.02890459231793485,0.001460456669429855
"DeepLearning_grid_1_AutoML_1_20230311_144822_model_14",0.006340072585796505,0.038366428972091075,0.0014719828720705097,0.029089363508365843,0.0014719828720705097
"DeepLearning_grid_1_AutoML_1_20230311_144822_model_6",0.006679729427786435,0.03816684919355694,0.001456708377363718,0.02882969412112844,0.001456708377363718
"DeepLearning_grid_1_AutoML_1_20230311_144822_model_1",0.0068873388952590845,0.03814270598001971,0.0014548660194782313,0.02881542944436366,0.0014548660194782313
"DeepLearning_grid_1_AutoML_1_20230311_144822_model_2",0.0070193153606375545,0.038392472736357215,0.0014739819628119325,0.029163612082553268,0.0014739819628119325
"DeepLearning_grid_1_AutoML_1_20230311_144822_model_8",0.007364118925917235,0.03827451259808845,0.0014649383146212312,0.028979199385126914,0.0014649383146212312
"DeepLearning_grid_1_AutoML_1_20230311_144822_model_4",0.007482625130463331,0.038250393990972104,0.0014630926404645948,0.028942921603334504,0.0014630926404645948
"DeepLearning_grid_1_AutoML_1_20230311_144822_model_12",0.007533759816293003,0.03887680379131376,0.0015114058730283078,0.0297665480212633,0.0015114058730283078
"DeepLearning_grid_1_AutoML_1_20230311_144822_model_7",0.008373502732597569,0.038271745669422694,0.0014647265165849746,0.0290315632807955,0.0014647265165849746
"DeepLearning_grid_2_AutoML_1_20230311_144822_model_1",0.00965730848233899,0.03890306854670928,0.0015134487423499607,0.02974311349187292,0.0015134487423499607
"DeepLearning_grid_1_AutoML_1_20230311_144822_model_10",0.010532459271762344,0.03875840978523181,0.0015022143290799525,0.029670407166652972,0.0015022143290799525
"DeepLearning_grid_2_AutoML_1_20230311_144822_model_2",0.013005534665339422,0.039277771369399354,0.001542743323746808,0.030307920035934497,0.001542743323746808
"DeepLearning_1_AutoML_1_20230311_144822",0.01401053466744633,0.039708667503584816,0.001576778274910253,0.030905271818734165,0.001576778274910253
