"model_id","mae","rmse","mse","rmsle","mean_residual_deviance"
"DeepLearning_grid_1_AutoML_1_20230312_155741_model_13",0.004735193857564678,0.03722638506298037,0.0013858037448572884,0.028107966153800668,0.0013858037448572884
"DeepLearning_grid_1_AutoML_1_20230312_155741_model_5",0.005073061593161062,0.03714546555029814,0.0013797856109483862,0.028058063049639117,0.0013797856109483862
"DeepLearning_grid_1_AutoML_1_20230312_155741_model_9",0.005259530798222186,0.03716033358447069,0.0013808903921091404,0.028051249203246822,0.0013808903921091404
"DeepLearning_grid_1_AutoML_1_20230312_155741_model_1",0.00547890531061382,0.03721028171228701,0.001384605065107761,0.028103952745551945,0.001384605065107761
"DeepLearning_grid_1_AutoML_1_20230312_155741_model_15",0.006120619548365985,0.037081101252227945,0.001375008070077981,0.028028273236664784,0.001375008070077981
"DeepLearning_grid_1_AutoML_1_20230312_155741_model_6",0.0062369030808722414,0.0370570009461304,0.001373221319121509,0.027981002547597656,0.001373221319121509
"DeepLearning_grid_1_AutoML_1_20230312_155741_model_4",0.006754890850465889,0.03717499669582178,0.0013819803793343602,0.028142836482441053,0.0013819803793343602
"DeepLearning_grid_1_AutoML_1_20230312_155741_model_16",0.006803580569330307,0.04085256103416077,0.0016689317430498304,0.031517406378767106,0.0016689317430498304
"DeepLearning_grid_1_AutoML_1_20230312_155741_model_12",0.006973936031477226,0.03763567043601315,0.0014164436891681942,0.02866258502805944,0.0014164436891681942
"DeepLearning_grid_1_AutoML_1_20230312_155741_model_14",0.007102473170199341,0.037198918232762085,0.0013837595176877191,0.028196524889842665,0.0013837595176877191
"DeepLearning_grid_1_AutoML_1_20230312_155741_model_7",0.007538816478389835,0.03709904938053256,0.0013763394649391931,0.028086632686903767,0.0013763394649391931
"DeepLearning_grid_1_AutoML_1_20230312_155741_model_8",0.007958151696701818,0.0375210757383857,0.001407831124565676,0.028549395283085227,0.001407831124565676
"DeepLearning_grid_1_AutoML_1_20230312_155741_model_10",0.01011133108113862,0.03777695496476124,0.0014270983264095985,0.02897217500742556,0.0014270983264095985
"DeepLearning_1_AutoML_1_20230312_155741",0.012594500612691996,0.03838660809600699,0.0014735316811164297,0.029718803398216847,0.0014735316811164297
