"model_id","mae","rmse","mse","rmsle","mean_residual_deviance"
"DeepLearning_grid_1_AutoML_1_20230312_63950_model_5",0.005291012257820705,0.03821183775129941,0.001460144544331631,0.028890760906758864,0.001460144544331631
"DeepLearning_grid_1_AutoML_1_20230312_63950_model_3",0.00550501488120593,0.03802239079584794,0.001445702201832182,0.02868887147806031,0.001445702201832182
"DeepLearning_grid_1_AutoML_1_20230312_63950_model_1",0.005819721907633948,0.03825591593075879,0.0014635151037012844,0.028888631658237844,0.0014635151037012844
"DeepLearning_grid_1_AutoML_1_20230312_63950_model_9",0.0058463362079566655,0.038327164435169765,0.0014689715336405425,0.028968650970536074,0.0014689715336405425
"DeepLearning_grid_1_AutoML_1_20230312_63950_model_14",0.005878288194473204,0.03832537128346409,0.001468834084015374,0.02902730529862854,0.001468834084015374
"DeepLearning_grid_1_AutoML_1_20230312_63950_model_13",0.006060134884764407,0.03826051992681145,0.0014638673850699358,0.028892764937269076,0.0014638673850699358
"DeepLearning_grid_2_AutoML_1_20230312_63950_model_1",0.00650911669778075,0.03837987332108784,0.0014730146761427498,0.029016129808869168,0.0014730146761427498
"DeepLearning_grid_1_AutoML_1_20230312_63950_model_4",0.006726046295481592,0.03810297029517565,0.0014518363453150376,0.028811350904843592,0.0014518363453150376
"DeepLearning_grid_1_AutoML_1_20230312_63950_model_6",0.006826545555102697,0.03812589017147981,0.0014535835013677408,0.028797841894820864,0.0014535835013677408
"DeepLearning_grid_3_AutoML_1_20230312_63950_model_1",0.007391649379705338,0.03849216150164011,0.0014816464970683447,0.02914902352962245,0.0014816464970683447
"DeepLearning_grid_1_AutoML_1_20230312_63950_model_8",0.007503744913696895,0.03827882715974978,0.0014652686087259974,0.02898777878314628,0.0014652686087259974
"DeepLearning_grid_1_AutoML_1_20230312_63950_model_12",0.007629139808438731,0.038992358340124225,0.0015204040089246554,0.029903752727301783,0.0015204040089246554
"DeepLearning_grid_1_AutoML_1_20230312_63950_model_2",0.007734498634868935,0.0384671195728207,0.0014797192882296856,0.029259131281287883,0.0014797192882296856
"DeepLearning_grid_1_AutoML_1_20230312_63950_model_7",0.007853016158606499,0.038138582315162046,0.001454551461010391,0.02887594149595325,0.001454551461010391
"DeepLearning_grid_1_AutoML_1_20230312_63950_model_10",0.01066795283454301,0.03871675033084903,0.0014989867561812982,0.029645875818527113,0.0014989867561812982
"DeepLearning_grid_2_AutoML_1_20230312_63950_model_2",0.01200049535622728,0.039149788075171714,0.0015327059063308572,0.030082000459924235,0.0015327059063308572
"DeepLearning_1_AutoML_1_20230312_63950",0.01379939418046164,0.03973589076124855,0.0015789410145898785,0.030928608783154007,0.0015789410145898785
