"model_id","mae","rmse","mse","rmsle","mean_residual_deviance"
"DeepLearning_grid_1_AutoML_1_20230312_155742_model_1",0.005689188502926374,0.03718218131029903,0.0013825146069919505,0.028090261475032432,0.0013825146069919505
"GBM_lr_annealing_selection_AutoML_1_20230312_155742_select_model",0.005728318021404925,0.03732514002027049,0.0013931660775327978,0.028237026951804804,0.0013931660775327978
"StackedEnsemble_BestOfFamily_6_AutoML_1_20230312_155742",0.005762701338874972,0.037324833526814906,0.001393143197804446,0.028207152106986044,0.001393143197804446
"StackedEnsemble_AllModels_6_AutoML_1_20230312_155742",0.005766655146566263,0.03731517439006287,0.0013924222397608038,0.02819708127919354,0.0013924222397608038
"StackedEnsemble_BestOfFamily_1_AutoML_1_20230312_155742",0.005768098167327634,0.037341354870435245,0.0013943767835597782,0.028229680047700885,0.0013943767835597782
"StackedEnsemble_BestOfFamily_2_AutoML_1_20230312_155742",0.005772965733376479,0.03733521036990686,0.0013939179333652008,0.02822109454216173,0.0013939179333652008
"DRF_1_AutoML_1_20230312_155742",0.005773987776467543,0.04162791759467988,0.0017328835232694587,0.03225759295016339,0.0017328835232694587
"DeepLearning_grid_1_AutoML_1_20230312_155742_model_6",0.005780196701427949,0.03705674001765018,0.0013732019807357165,0.02796894105494146,0.0013732019807357165
"StackedEnsemble_AllModels_1_AutoML_1_20230312_155742",0.005780694302651345,0.037352121019963574,0.0013951809446900046,0.02824246390486535,0.0013951809446900046
"StackedEnsemble_AllModels_2_AutoML_1_20230312_155742",0.005790413503470677,0.03734562588560449,0.0013946957727875326,0.028244709148775752,0.0013946957727875326
"StackedEnsemble_BestOfFamily_3_AutoML_1_20230312_155742",0.005809642950832089,0.03734235931625315,0.0013944517993041583,0.028240784344621052,0.0013944517993041583
"GBM_grid_1_AutoML_1_20230312_155742_model_45",0.005809646449204318,0.037448006457448474,0.0014023531876371028,0.028392478287934172,0.0014023531876371028
"GBM_grid_1_AutoML_1_20230312_155742_model_19",0.005818870323651378,0.03731574405114764,0.0013924647540907607,0.02823208874120651,0.0013924647540907607
"GBM_grid_1_AutoML_1_20230312_155742_model_16",0.005841423820389391,0.037342478328416834,0.0013944606877082809,0.028265608801002373,0.0013944606877082809
"GBM_grid_1_AutoML_1_20230312_155742_model_18",0.005879857537488678,0.03950323310988074,0.001560505426133578,0.03055094272537368,0.001560505426133578
"GBM_grid_1_AutoML_1_20230312_155742_model_50",0.00591256920035522,0.0373396926326166,0.0013942526458982822,0.028262157917658563,0.0013942526458982822
"GBM_grid_1_AutoML_1_20230312_155742_model_47",0.0059226730639013155,0.03729115303510128,0.0013906300946873434,0.028214465281443217,0.0013906300946873434
"GBM_grid_1_AutoML_1_20230312_155742_model_60",0.005939866562676382,0.03990744023799096,0.0015926037863488204,0.030842320588785214,0.0015926037863488204
"GBM_grid_1_AutoML_1_20230312_155742_model_52",0.005979329544948842,0.03775974344803434,0.001425798225261372,0.02879764217323506,0.001425798225261372
"DeepLearning_grid_2_AutoML_1_20230312_155742_model_1",0.006004924642682466,0.03720915357933263,0.0013845211100903625,0.028111087942353407,0.0013845211100903625
"GBM_grid_1_AutoML_1_20230312_155742_model_14",0.00602073920861439,0.037319186279200264,0.0013927216645416491,0.028241108152174645,0.0013927216645416491
"DeepLearning_grid_1_AutoML_1_20230312_155742_model_9",0.006030417123091648,0.037204084787453066,0.0013841439248719965,0.02814913006495154,0.0013841439248719965
"StackedEnsemble_BestOfFamily_4_AutoML_1_20230312_155742",0.006072455418726959,0.03739668315603314,0.0013985119110727327,0.028321021630867207,0.0013985119110727327
"GBM_grid_1_AutoML_1_20230312_155742_model_59",0.006083300376072278,0.03751148727114418,0.001407111677293212,0.028490291005366514,0.001407111677293212
"GBM_grid_1_AutoML_1_20230312_155742_model_6",0.006090819624316797,0.03737834704854014,0.0013971408280811098,0.028300884141342204,0.0013971408280811098
"GBM_grid_1_AutoML_1_20230312_155742_model_58",0.006104437898371371,0.03749029548316336,0.001405522255414899,0.028464072205826193,0.001405522255414899
"GBM_3_AutoML_1_20230312_155742",0.006119499473987039,0.03786058102268716,0.0014334235953754593,0.02889121862407961,0.0014334235953754593
"GBM_grid_1_AutoML_1_20230312_155742_model_11",0.006121068060005756,0.0375002734655744,0.0014062705099928633,0.0284446027594482,0.0014062705099928633
"GBM_1_AutoML_1_20230312_155742",0.0061434340562841055,0.03735337267207147,0.0013952744499786556,0.02829264791063456,0.0013952744499786556
"GBM_grid_1_AutoML_1_20230312_155742_model_49",0.0061763772203256816,0.03741181240185093,0.0013996437071912872,0.028371201579761276,0.0013996437071912872
"GBM_grid_1_AutoML_1_20230312_155742_model_8",0.006202000413392607,0.040382509656473026,0.001630747086155137,0.031443727315513016,0.001630747086155137
"GBM_grid_1_AutoML_1_20230312_155742_model_56",0.0062115033344964194,0.03751959005380446,0.0014077196378055423,0.028491107410866984,0.0014077196378055423
"GBM_grid_1_AutoML_1_20230312_155742_model_5",0.006227507038747752,0.03777829874365307,0.0014271998559646992,0.028822342298317306,0.0014271998559646992
"GBM_grid_1_AutoML_1_20230312_155742_model_12",0.006228794751732374,0.04023796726955334,0.0016190940099856455,0.03118543598750663,0.0016190940099856455
"GBM_grid_1_AutoML_1_20230312_155742_model_51",0.006234043418696937,0.03759955829101033,0.0014137267836790836,0.028595046700869,0.0014137267836790836
"GBM_grid_1_AutoML_1_20230312_155742_model_46",0.006255427871594606,0.0379232269494642,0.0014381711422605675,0.028968527495794635,0.0014381711422605675
"GBM_grid_1_AutoML_1_20230312_155742_model_2",0.006267232820158532,0.040048772964014226,0.001603904215923157,0.031050563909662543,0.001603904215923157
"GBM_grid_1_AutoML_1_20230312_155742_model_53",0.0062832991384663035,0.04020066750831384,0.0016160936681140002,0.031113529337946,0.0016160936681140002
"GBM_grid_1_AutoML_1_20230312_155742_model_57",0.00630054917650084,0.03819456875484076,0.0014588250823682578,0.02928031570328816,0.0014588250823682578
"GBM_grid_1_AutoML_1_20230312_155742_model_15",0.006300914742085563,0.03951239977076099,0.0015612297356444333,0.030499920866513836,0.0015612297356444333
"GBM_grid_1_AutoML_1_20230312_155742_model_9",0.006304879305209257,0.03843673467780808,0.0014773825726922144,0.029529686167791853,0.0014773825726922144
"GBM_grid_1_AutoML_1_20230312_155742_model_4",0.006329195648645126,0.037491037949232475,0.0014055779265107898,0.02847140943698166,0.0014055779265107898
"DeepLearning_grid_3_AutoML_1_20230312_155742_model_1",0.0063780876182512975,0.037245987034310424,0.00138726355016002,0.028154708061924535,0.00138726355016002
"XGBoost_lr_search_selection_AutoML_1_20230312_155742_select_grid_model_3",0.006379920733798688,0.03776354263979835,0.0014260851527078684,0.028756957689992,0.0014260851527078684
"GBM_grid_1_AutoML_1_20230312_155742_model_20",0.006411392628187073,0.03764922911327392,0.001417464452823792,0.02865723609550618,0.001417464452823792
"GBM_grid_1_AutoML_1_20230312_155742_model_7",0.006414516227893484,0.040076315988476136,0.0016061111032081878,0.03109021190587325,0.0016061111032081878
"GBM_4_AutoML_1_20230312_155742",0.006416093978131634,0.038221853602037205,0.0014609100927755643,0.029305672385875524,0.0014609100927755643
"GBM_grid_1_AutoML_1_20230312_155742_model_48",0.006416624248250088,0.03788430767366718,0.0014352207679130776,0.028925043073117808,0.0014352207679130776
"GBM_grid_1_AutoML_1_20230312_155742_model_44",0.0064295807428591525,0.03802255067001227,0.0014457143594536503,0.029066786492817596,0.0014457143594536503
"GBM_grid_1_AutoML_1_20230312_155742_model_17",0.006445725082571854,0.04146415716362382,0.0017192763292896965,0.03234339137751475,0.0017192763292896965
"GBM_5_AutoML_1_20230312_155742",0.006517950662607149,0.04449218537904326,0.0019795545598031506,0.03465916340009287,0.0019795545598031506
"GBM_grid_1_AutoML_1_20230312_155742_model_55",0.006519186320027107,0.0383164783980535,0.0014681525168285007,0.029411973991090128,0.0014681525168285007
"GBM_grid_1_AutoML_1_20230312_155742_model_1",0.006551817740937687,0.03782336689489603,0.0014306070832659176,0.028855797770807677,0.0014306070832659176
"GBM_grid_1_AutoML_1_20230312_155742_model_3",0.006566958109532196,0.03793395157139714,0.0014389846818211036,0.028983011541657534,0.0014389846818211036
"GBM_grid_1_AutoML_1_20230312_155742_model_42",0.0065762676505021584,0.0377863195414282,0.0014278059444869189,0.028832628307382084,0.0014278059444869189
"XGBoost_grid_1_AutoML_1_20230312_155742_model_11",0.006589590351384422,0.03823714874197612,0.0014620795439160058,0.02931780215157867,0.0014620795439160058
"DeepLearning_grid_1_AutoML_1_20230312_155742_model_2",0.006626284780166751,0.03722116411055367,0.001385415057744769,0.028183804476158075,0.001385415057744769
"XGBoost_grid_1_AutoML_1_20230312_155742_model_8",0.00663443156799154,0.0462921226040248,0.0021429606151860637,0.03642020121851351,0.0021429606151860637
"XGBoost_grid_1_AutoML_1_20230312_155742_model_30",0.00666377142749763,0.03774095873003448,0.0014243799658621662,0.028746229566252886,0.0014243799658621662
"GBM_2_AutoML_1_20230312_155742",0.006673045766038919,0.03850888057595545,0.0014829338832131993,0.029627131241666355,0.0014829338832131993
"XGBoost_grid_1_AutoML_1_20230312_155742_model_36",0.0066759826128575655,0.04765654629283786,0.0022711464045613978,0.03764785519637074,0.0022711464045613978
"XGBoost_grid_1_AutoML_1_20230312_155742_model_9",0.006681881260421187,0.037847826126954386,0.0014324579425361711,0.028876819506130975,0.0014324579425361711
"GBM_grid_1_AutoML_1_20230312_155742_model_10",0.0066918398015504855,0.03791909289921586,0.001437857606299363,0.029000460634557596,0.001437857606299363
"GBM_grid_1_AutoML_1_20230312_155742_model_43",0.006696571069926018,0.03806650578453823,0.0014490588626442824,0.029147335643472425,0.0014490588626442824
"StackedEnsemble_AllModels_3_AutoML_1_20230312_155742",0.006715509632513305,0.03741982756984747,0.0014002434953571169,0.02838045235476018,0.0014002434953571169
"GBM_grid_1_AutoML_1_20230312_155742_model_41",0.006720849200392087,0.04339011023414517,0.0018827016661312691,0.03382831962436201,0.0018827016661312691
"DeepLearning_grid_2_AutoML_1_20230312_155742_model_2",0.006721324202950332,0.040107685160051455,0.0016086264088978116,0.03085166171821247,0.0016086264088978116
"XGBoost_grid_1_AutoML_1_20230312_155742_model_28",0.00672965703174124,0.037986169003703406,0.0014429490355779174,0.029046167047645264,0.0014429490355779174
"StackedEnsemble_BestOfFamily_5_AutoML_1_20230312_155742",0.0067347333410781845,0.038854088660638005,0.0015096402056487188,0.030033079085851302,0.0015096402056487188
"StackedEnsemble_AllModels_4_AutoML_1_20230312_155742",0.006830475082308139,0.0374908709960928,0.0014055654080456722,0.028464297871878104,0.0014055654080456722
"GBM_grid_1_AutoML_1_20230312_155742_model_13",0.006881972561116269,0.042783248581316456,0.0018304063591707167,0.03326057444137945,0.0018304063591707167
"XGBoost_grid_1_AutoML_1_20230312_155742_model_21",0.006969649134989733,0.03775351544043311,0.0014253279281110213,0.02878231259062193,0.0014253279281110213
"GBM_grid_1_AutoML_1_20230312_155742_model_54",0.007001343663363632,0.03807959867321651,0.001450055835113233,0.02916785280813086,0.001450055835113233
"StackedEnsemble_Best1000_1_AutoML_1_20230312_155742",0.007032805394742393,0.03751533035453549,0.0014074000116099314,0.02850075451058703,0.0014074000116099314
"DeepLearning_grid_1_AutoML_1_20230312_155742_model_4",0.007114364454065189,0.037102772823942705,0.001376615751225101,0.028058988728028297,0.001376615751225101
"XGBoost_grid_1_AutoML_1_20230312_155742_model_15",0.00714087127127005,0.03791156080658937,0.001437286442791723,0.02897226286950077,0.001437286442791723
"StackedEnsemble_AllModels_5_AutoML_1_20230312_155742",0.007177396174882939,0.03926402386829735,0.0015416635703302244,0.030467469787451285,0.0015416635703302244
"XGBoost_grid_1_AutoML_1_20230312_155742_model_24",0.0072076260861243325,0.041121548465441464,0.001690981748195651,0.03202624679567335,0.001690981748195651
"DeepLearning_grid_1_AutoML_1_20230312_155742_model_5",0.007303137000951524,0.037513604112346395,0.0014072704934978524,0.02854705371095503,0.0014072704934978524
"GLM_1_AutoML_1_20230312_155742",0.0075389978253101566,0.03775090838091629,0.001425131083584336,0.028782405182512013,0.001425131083584336
"XGBoost_grid_1_AutoML_1_20230312_155742_model_16",0.007649841530697465,0.04215885533420757,0.0017773690830906422,0.03297104797366312,0.0017773690830906422
"XGBoost_grid_1_AutoML_1_20230312_155742_model_1",0.007845781958707247,0.03851085570497416,0.0014830860071293403,0.029703335615482867,0.0014830860071293403
"DeepLearning_grid_1_AutoML_1_20230312_155742_model_8",0.008006744329107448,0.03728643324159165,0.001390278103879671,0.02830315840685574,0.001390278103879671
"XGBoost_grid_1_AutoML_1_20230312_155742_model_41",0.008050299005856864,0.03859227679585012,0.0014893638282875116,0.029778547790112832,0.0014893638282875116
"DeepLearning_grid_1_AutoML_1_20230312_155742_model_7",0.008092899115143215,0.03728202965609162,0.0013899497352776948,0.028310167132380805,0.0013899497352776948
"XGBoost_grid_1_AutoML_1_20230312_155742_model_43",0.00809575238685426,0.038369969793747266,0.0014722545819730777,0.029507818985254893,0.0014722545819730777
"XGBoost_grid_1_AutoML_1_20230312_155742_model_32",0.00817230452244234,0.038399057029340766,0.0014744875807425643,0.029546601418710877,0.0014744875807425643
"XGBoost_grid_1_AutoML_1_20230312_155742_model_23",0.008268595866177899,0.04273343821461382,0.0018261467416422169,0.03365829322452267,0.0018261467416422169
"XGBoost_grid_1_AutoML_1_20230312_155742_model_42",0.008325916019517444,0.038777135342252425,0.001503666225351362,0.030006258284708317,0.001503666225351362
"XGBoost_grid_1_AutoML_1_20230312_155742_model_38",0.008432128169008958,0.041901256627395765,0.0017557153069548777,0.03271697131749781,0.0017557153069548777
"DeepLearning_1_AutoML_1_20230312_155742",0.008443873050153856,0.03754596568299181,0.0014096995390683984,0.02861217215198308,0.0014096995390683984
"XGBoost_grid_1_AutoML_1_20230312_155742_model_29",0.008554845419780256,0.041834009319104845,0.001750084335710951,0.03273294933719525,0.001750084335710951
"XGBoost_3_AutoML_1_20230312_155742",0.008739863447035883,0.043270534089021366,0.00187233912034916,0.033937231408853484,0.00187233912034916
"XGBoost_grid_1_AutoML_1_20230312_155742_model_20",0.008841397722541545,0.039265866406609805,0.0015418082646617285,0.03056417566360713,0.0015418082646617285
"XGBoost_grid_1_AutoML_1_20230312_155742_model_7",0.008848351456633936,0.03958405558758736,0.0015668974567612064,0.030800112303296597,0.0015668974567612064
"XGBoost_grid_1_AutoML_1_20230312_155742_model_25",0.008864445698115658,0.04000022959456944,0.0016000183676182689,0.031397038023035055,0.0016000183676182689
"XGBoost_grid_1_AutoML_1_20230312_155742_model_39",0.008884454548271099,0.04298624635624367,0.0018478173757996725,0.033606276467323205,0.0018478173757996725
"XGBoost_grid_1_AutoML_1_20230312_155742_model_2",0.008981273531584474,0.041301694980714045,0.0017058300082799394,0.03229861492668656,0.0017058300082799394
"XGBoost_grid_1_AutoML_1_20230312_155742_model_35",0.008993612042493531,0.03835136028186772,0.001470826835469621,0.02954534439235434,0.001470826835469621
"XGBoost_grid_1_AutoML_1_20230312_155742_model_33",0.009032438470139403,0.04131568530881733,0.0017069858525372242,0.03231084580194705,0.0017069858525372242
"XGBoost_grid_1_AutoML_1_20230312_155742_model_40",0.009038676953714011,0.04564000365771314,0.0020830099338760687,0.03590690093799722,0.0020830099338760687
"XGBoost_grid_1_AutoML_1_20230312_155742_model_13",0.009125572667330276,0.04003925125843609,0.001603141641336176,0.031412011421595054,0.001603141641336176
"XGBoost_grid_1_AutoML_1_20230312_155742_model_34",0.009128677357956264,0.04256434660674486,0.0018117236020591123,0.033384345950967474,0.0018117236020591123
"XGBoost_grid_1_AutoML_1_20230312_155742_model_4",0.009151468293528147,0.04152122408062977,0.0017240120491538694,0.032508028720087276,0.0017240120491538694
"XGBoost_grid_1_AutoML_1_20230312_155742_model_22",0.00925078914208514,0.0406711133840164,0.0016541394638955177,0.031809677506584595,0.0016541394638955177
"XGBoost_grid_1_AutoML_1_20230312_155742_model_3",0.009290305403118116,0.04375364572240933,0.001914381514002108,0.03433884600801254,0.001914381514002108
"XGBoost_grid_1_AutoML_1_20230312_155742_model_18",0.009399670831885122,0.04056331234193352,0.0016453823081492565,0.03170231729145819,0.0016453823081492565
"XGBoost_grid_1_AutoML_1_20230312_155742_model_27",0.009518326605379438,0.04378733152647423,0.001917330402209364,0.0343653327140624,0.001917330402209364
"XGBoost_grid_1_AutoML_1_20230312_155742_model_12",0.009675660559310982,0.04064675130481897,0.0016521583916358025,0.03190118041057541,0.0016521583916358025
"XGBoost_1_AutoML_1_20230312_155742",0.009758375214961996,0.03951658642564551,0.0015615606027355113,0.030838547761769353,0.0015615606027355113
"XGBoost_grid_1_AutoML_1_20230312_155742_model_37",0.009866315331191842,0.03987272396379395,0.0015898341162929085,0.03112397479703112,0.0015898341162929085
"XGBoost_2_AutoML_1_20230312_155742",0.010006614590597448,0.0432677175686186,0.001872095383597747,0.034013505548741114,0.001872095383597747
"XGBoost_grid_1_AutoML_1_20230312_155742_model_26",0.01013058431952036,0.039517881926631235,0.0015616629919671674,0.030797431583594954,0.0015616629919671674
"XGBoost_grid_1_AutoML_1_20230312_155742_model_5",0.010183194129560886,0.04051241296133792,0.001641255603949981,0.03176459998026723,0.001641255603949981
"XGBoost_grid_1_AutoML_1_20230312_155742_model_31",0.01029239946225142,0.04249737340228449,0.0018060267460931973,0.03354209627579777,0.0018060267460931973
"XGBoost_grid_1_AutoML_1_20230312_155742_model_17",0.010296904142715328,0.04381635759138102,0.0019198731925757736,0.03434751342990303,0.0019198731925757736
"XGBoost_grid_1_AutoML_1_20230312_155742_model_14",0.0103514760268481,0.04044016374383631,0.001635406843628293,0.031658307361861,0.001635406843628293
"XGBoost_grid_1_AutoML_1_20230312_155742_model_6",0.010352462001955418,0.04151231429004738,0.0017232722377156717,0.03267350849613064,0.0017232722377156717
"DeepLearning_grid_1_AutoML_1_20230312_155742_model_20",0.011150245123051234,0.03821305145700227,0.0014602373016555032,0.02942664492164348,0.0014602373016555032
"XGBoost_grid_1_AutoML_1_20230312_155742_model_10",0.011496078610097896,0.04802202904917237,0.002306115273999555,0.04032426129622108,0.002306115273999555
"DeepLearning_grid_3_AutoML_1_20230312_155742_model_3",0.011527759254145514,0.037997075240072384,0.001443777726799722,0.02919748533877816,0.001443777726799722
"DeepLearning_grid_2_AutoML_1_20230312_155742_model_3",0.012890257409936916,0.038574706477281555,0.0014880079798084275,0.02989519063665587,0.0014880079798084275
"DeepLearning_grid_1_AutoML_1_20230312_155742_model_10",0.013252968792667782,0.03911393420188379,0.0015298998487492943,0.030517173229032548,0.0015298998487492943
"DeepLearning_grid_1_AutoML_1_20230312_155742_model_12",0.013624644524145135,0.04106489618033302,0.0016863256983015297,0.03310608020523286,0.0016863256983015297
"DeepLearning_grid_3_AutoML_1_20230312_155742_model_2",0.016548024332575968,0.039582755421394326,0.0015667945267499215,0.031430076663341994,0.0015667945267499215
"DeepLearning_grid_2_AutoML_1_20230312_155742_model_4",0.017708071000348276,0.04032707424065379,0.0016262729168112025,0.03218282227626787,0.0016262729168112025
