"model_id","mae","rmse","mse","rmsle","mean_residual_deviance"
"DeepLearning_grid_1_AutoML_1_20230314_81044_model_2",0.004027574040239584,0.03753950150712413,0.0014092141734033748,0.026929965020863752,0.0014092141734033748
"DeepLearning_grid_1_AutoML_1_20230314_81044_model_14",0.004279057627461884,0.03768551380231619,0.0014201979505445645,0.027114004516860357,0.0014201979505445645
"DeepLearning_grid_1_AutoML_1_20230314_81044_model_5",0.004310063970285393,0.037568332990596,0.0014113796436923036,0.026998137772068304,0.0014113796436923036
"DeepLearning_grid_1_AutoML_1_20230314_81044_model_13",0.004422176173140607,0.03758783613004964,0.0014128454249394647,0.026982313285400763,0.0014128454249394647
"DeepLearning_grid_1_AutoML_1_20230314_81044_model_6",0.004583316802095227,0.03764476815290247,0.00141712856928578,0.027051999944024022,0.00141712856928578
"DeepLearning_grid_1_AutoML_1_20230314_81044_model_1",0.004646363422262193,0.03774877802112456,0.0014249702420881369,0.027142648237235497,0.0014249702420881369
"DeepLearning_grid_1_AutoML_1_20230314_81044_model_12",0.004855825742067097,0.0381299267524447,0.0014538913141467977,0.02769391239268841,0.0014538913141467977
"DeepLearning_grid_1_AutoML_1_20230314_81044_model_9",0.0052477213647540745,0.037520329522159813,0.0014077751274514574,0.026949133804283057,0.0014077751274514574
"DeepLearning_grid_1_AutoML_1_20230314_81044_model_4",0.00557971608732755,0.03767946947455496,0.0014197424198839187,0.02708815828794636,0.0014197424198839187
"DeepLearning_grid_1_AutoML_1_20230314_81044_model_8",0.005620781032064567,0.037568139091531026,0.0014113650748006216,0.02699512577805501,0.0014113650748006216
"DeepLearning_grid_1_AutoML_1_20230314_81044_model_7",0.005932661451147541,0.03775927757288161,0.0014257630428259204,0.027206513319281433,0.0014257630428259204
"DeepLearning_grid_1_AutoML_1_20230314_81044_model_15",0.006040138842835938,0.05091275901629064,0.0025921090306508837,0.03759972135518687,0.0025921090306508837
"DeepLearning_grid_1_AutoML_1_20230314_81044_model_10",0.008178039746099182,0.03820111511632383,0.0014593251961306252,0.027818825215502628,0.0014593251961306252
"DeepLearning_1_AutoML_1_20230314_81044",0.01001020885549892,0.03872110989778576,0.001499324351716402,0.02851135809620285,0.001499324351716402
"DeepLearning_grid_2_AutoML_1_20230314_81044_model_1",0.010841089255526232,0.03918517187434873,0.0015354776948222509,0.02902762901319869,0.0015354776948222509
