"model_id","mae","rmse","mse","rmsle","mean_residual_deviance"
"DeepLearning_grid_1_AutoML_1_20230314_81650_model_12",0.004479965366121029,0.03788478136992019,0.001435256659446652,0.027388925238282295,0.001435256659446652
"DeepLearning_grid_1_AutoML_1_20230314_81650_model_1",0.004528244805082108,0.03767289123251923,0.0014192467338172247,0.027067641147539703,0.0014192467338172247
"DeepLearning_grid_1_AutoML_1_20230314_81650_model_13",0.004732326884374035,0.03768810252548672,0.0014203930719715984,0.027091635430104306,0.0014203930719715984
"DeepLearning_grid_1_AutoML_1_20230314_81650_model_2",0.004913939586363485,0.037621092305484057,0.0014153465862577516,0.02705348017309426,0.0014153465862577516
"DeepLearning_grid_1_AutoML_1_20230314_81650_model_6",0.004969829052536145,0.037473655008071705,0.0014042748196639776,0.026894788656447576,0.0014042748196639776
"DeepLearning_grid_1_AutoML_1_20230314_81650_model_5",0.005051937528180795,0.03773580785699203,0.0014239911946198217,0.027210905880668036,0.0014239911946198217
"DeepLearning_grid_1_AutoML_1_20230314_81650_model_3",0.005113722408043399,0.037378542316247085,0.0013971554256874742,0.02683455576886589,0.0013971554256874742
"DeepLearning_grid_1_AutoML_1_20230314_81650_model_9",0.005289280795760324,0.03755054930148012,0.001410043752842889,0.02697256860647077,0.001410043752842889
"DeepLearning_grid_1_AutoML_1_20230314_81650_model_4",0.005355417046234788,0.03768472845549564,0.0014201387587644428,0.027097735816471433,0.0014201387587644428
"DeepLearning_grid_1_AutoML_1_20230314_81650_model_7",0.005718619245506526,0.037724842232708174,0.0014231637214827222,0.02714924806977458,0.0014231637214827222
"DeepLearning_grid_1_AutoML_1_20230314_81650_model_8",0.006026390626488069,0.03761249849355967,0.0014147000429280286,0.027056361754727844,0.0014147000429280286
"DeepLearning_grid_1_AutoML_1_20230314_81650_model_10",0.008362039702878972,0.03829090568581696,0.0014661934582401294,0.027939884788930378,0.0014661934582401294
"DeepLearning_grid_1_AutoML_1_20230314_81650_model_14",0.009954213656483066,0.03844955279880733,0.0014783681104282723,0.028141601731711145,0.0014783681104282723
"DeepLearning_1_AutoML_1_20230314_81650",0.01062802704604876,0.03875026117626237,0.0015015827412285462,0.028571321396691256,0.0015015827412285462
